3455 6530
5226 6716
2865 252
7730 1402
2027 9491
2617 1978
8297 1209
7290 7626
4657 5076
8823 7238
6146 8988
6244 1537
5443 6279
5669 2966
3116 959
9045 5207
617 2147
7007 2387
7019 4393
1913 9119
3608 9089
7890 1092
6968 6812
8308 8041
173 583
71 3096
9319 3562
8730 8135
3806 9751
628 1169
6416 8460
1318 7398
7816 6434
7315 8877
271 2306
4583 1840
641 2155
1050 9093
7418 3722
2586 5602
5751 9577
5966 8279
5180 9386
1229 8596
9968 2942
978 7868
222 2618
4290 1607
62 1228
133 8397
589 6257
8607 7033
5999 7999
8340 6613
9208 2148
1701 2419
4732 6820
8266 1877
6409 3526
5554 54
9191 9081
8174 4138
8153 3817
9088 3575
8358 6265
3811 4367
662 8577
5953 4071
1782 3341
290 9627
3790 7019
4935 4274
6043 9652
5888 4089
5682 5039
3337 350
3196 2886
9148 6429
5943 184
9136 4930
1916 9110
5601 6052
7429 1321
3467 3487
6227 822
3773 7456
8260 2418
4043 7386
9742 6701
2551 5212
8520 5797
3425 1353
9472 1393
2255 7665
3824 7901
9171 1202
292 6679
5953 7912
2931 9155
5549 6247
3903 4626
4551 623
1299 4738
383 6286
4053 2327
8315 4815
9241 8429
1026 6346
5043 8058
5298 6369
9637 1592
1298 3701
3755 554
1404 7402
2458 9456
1882 7124
9822 8486
8324 8663
4838 9943
4722 9345
325 7097
5700 5877
4353 7551
4864 5800
4060 779
4481 1361
5680 6239
6570 459
6814 6319
9025 9338
9235 2084
4821 1355
3112 8998
9055 3968
863 9948
6238 7896
5055 71
5540 4070
9832 4513
4118 1121
4478 1299
8515 1649
1673 8599
6249 6986
1577 6108
8440 8865
6225 6500
2027 5510
3255 5784
7881 569
5888 2071
4481 8991
2594 3001
5279 6854
5322 9560
9943 9900
1733 5315
9145 8088
8074 1327
299 9924
2318 153
2539 8722
9363 605
3430 4796
4338 9506
6002 3935
1892 6243
8474 2356
5094 2126
4392 1306
9464 5957
262 7279
5471 7484
1437 2065
9966 5396
6379 2439
3560 8271
6651 8851
8596 5693
2893 805
5560 558
7424 1390
6954 991
6145 6126
7164 7633
7167 614
9008 9921
8537 932
2287 1548
1209 9712
2624 3893
3294 3198
2475 2995
6450 9015
5928 3057
9696 4539
824 8492
6981 7819
1565 7722
8186 6303
4749 7586
2336 4721
6206 767
1717 280
900 8899
5104 3988
2191 5156
3455 7152
5718 8971
6779 1538
64 9366
9050 7345
3429 4606
5939 4674
5916 3732
8883 3800
9831 8573
2154 4093
7708 732
6478 4512
8833 5690
7723 9762
1975 3237
3842 3520
2655 3416
8809 5830
7120 9129
8242 9300
7712 8047
4528 3077
5043 25
158 1695
7100 2054
8780 2368
3985 8802
8491 1648
6598 5704
9568 8289
2191 895
2286 2232
5155 1973
2340 6574
1342 3753
6922 4799
8897 6229
4108 9014
6123 9115
194 6193
9752 1875
8949 6361
3940 6823
7738 7720
8601 2157
9293 8501
5550 3479
5943 9624
5839 6139
9393 9758
3849 1573
2194 3788
5884 1467
3805 1349
9297 6983
2841 9490
6956 6620
7614 4318
2770 4926
2492 24
4107 8447
2484 136
5498 9650
3868 9531
5823 7522
7114 1547
8957 9962
2501 9629
877 1359
9271 1934
2198 7651
160 8133
3072 2833
8781 4107
2695 7012
5359 2569
3264 4284
7575 2497
8453 6883
9368 1713
7203 3354
6642 6847
857 6413
5031 9798
3353 2838
5145 7748
9731 6380
7801 5954
1123 2416
3318 7903
3472 192
9397 4161
5105 126
3465 5911
1494 2764
7856 4984
1138 1200
236 2726
5806 4409
9310 9183
6003 1021
2012 6392
5969 3644
5438 4658
8026 4846
261 1734
5702 1281
502 6789
2458 7566
7052 3707
7568 8635
3950 3433
4686 3045
2045 4117
5792 5508
3954 6855
2175 3127
7438 3636
3383 1009
4965 4760
1270 3546
2880 3471
5700 410
1501 539
8257 3179
7075 9248
3484 6318
7657 8753
7972 3405
7716 953
932 9564
9387 6292
4915 8314
4507 3578
5550 6145
8933 1320
1442 7439
6410 4492
479 2683
1905 6099
7533 3059
5867 9333
5871 262
2677 6456
7562 6593
229 1478
961 1401
8890 3680
1451 8175
8814 4066
9430 2858
4238 8470
6391 219
3567 9722
8781 4396
641 7469
7716 5661
1135 3106
5602 2051
7945 5603
6540 4390
385 5729
8361 8030
7601 353
408 9117
8533 4765
2591 189
7184 6056
6310 1539
6421 3695
4838 1347
7001 3493
341 3534
5180 4481
9293 5783
3741 5117
9047 5781
6929 1289
1214 3793
8791 5674
4712 4649
665 4549
455 112
8926 9040
3806 3273
185 2619
7107 2879
9422 3982
5874 6842
2519 3326
5818 9942
1670 3065
1859 4956
3481 2607
694 8063
8410 4988
9767 9893
2685 9288
1428 4116
8337 7847
4517 9481
8359 1279
8623 1682
9575 2452
5544 9766
3361 9102
1415 5785
591 8539
479 5157
9537 565
3734 134
8815 9469
3657 5192
6249 5249
1505 3349
6025 6416
1177 8083
4309 7540
3586 5158
3736 2824
7559 2177
4555 2875
147 5700
1857 2102
3338 2744
9405 4568
683 2542
6281 3733
9561 5089
9178 6980
3144 4641
381 5246
8698 7113
8863 8791
607 5301
5531 7974
6629 2674
7047 7268
3369 2258
6611 8643
5873 4630
5724 3781
7358 6446
286 9935
3904 3463
4255 3669
4233 1286
341 6156
8993 5460
3763 8737
3811 9910
2083 6007
8299 6571
4953 668
3308 6478
9422 5906
8499 6787
176 4466
1643 7523
4090 4217
3149 6663
8174 1809
6497 9911
6049 7037
3072 8927
1886 1911
1902 720
6779 6782
6910 9547
9729 636
4005 6882
857 356
7558 1483
7434 4670
9432 395
4345 9875
5103 7070
8486 3482
7770 5112
5556 9145
8159 3401
5545 6448
1948 6504
1230 9797
2224 2118
4852 6754
9656 5691
3249 5764
2935 9002
5041 4011
8255 4769
3013 1296
4558 7003
5267 9208
4195 4427
6536 6425
7535 6431
6686 9807
5205 9140
4749 7245
4110 4678
4293 1085
7012 5050
7597 4949
9859 1980
3842 714
5117 9775
6511 2518
2904 3294
2155 5355
5553 5361
9263 3011
8522 4806
7308 381
7503 4767
9220 1506
1124 6064
7461 5915
296 7395
390 6734
979 2974
5059 3461
2626 8813
3222 9938
668 5462
3799 6222
4211 9552
6521 7590
1902 8347
6949 5650
9025 6989
3976 8739
1892 9450
8236 3295
1102 5838
4423 7740
699 8926
4303 5950
4437 8788
3873 3823
2273 8853
4336 5719
6664 129
5408 4726
8981 7328
9294 6604
1957 6044
9208 8286
7999 1871
2968 2246
1003 1669
7528 4312
799 4051
6245 7399
6055 6272
321 853
8309 5544
4027 7692
3210 7859
4906 469
5571 3083
896 5832
6578 6269
391 8054
1957 7290
696 1616
1622 5633
9068 750
9897 5937
8013 5697
6405 9157
6098 5274
6658 2197
6858 3418
8586 740
9143 4461
3680 7203
5507 2927
3405 3252
4611 4017
7533 8389
1478 722
8658 7686
8759 3553
6284 4340
494 5213
2268 5588
7100 7191
7694 3752
4795 3291
941 5905
6618 4662
3930 5701
3112 2588
1823 4253
441 3521
7057 1843
2030 2398
5900 2501
9687 4506
8940 7945
6355 27
5861 6684
7440 4259
1134 4018
3950 7197
1811 8072
3406 8718
2220 1010
2928 1769
271 1014
5347 7962
3303 5215
8832 2218
9116 4191
4402 281
2872 8374
176 3438
8023 4766
9456 6939
7398 9518
7443 2481
3191 7315
6765 4861
5815 1097
7090 4831
3243 3475
1184 5091
3617 1861
5198 3573
3103 4941
5579 8292
5445 4192
8908 7087
619 2984
2054 4355
8016 2968
7972 7143
4950 1397
2640 9261
1220 3617
2052 865
8452 5791
8869 1431
1940 1454
3078 9239
5612 8011
829 2892
8512 5424
8661 6889
3833 6562
6686 502
205 1885
2191 7157
3664 6692
3484 2221
196 7392
3449 2408
1250 65
9333 5085
7030 2401
7841 6167
2611 2599
3267 2573
6713 2791
2690 1747
7857 6092
8897 6026
524 6934
2138 8515
6639 6893
2831 8039
7048 3648
9348 2409
3878 7013
1934 1758
6358 2123
9582 4667
792 1468
9068 7680
433 8642
3481 3356
8484 1606
8856 5833
555 3339
5963 2263
7291 9383
8521 8126
6514 9393
4494 6046
1277 2755
7091 2370
1828 4898
2329 2335
713 6631
369 1639
2795 3391
9984 7735
6291 370
8391 1507
2091 820
8642 3150
5567 3130
4105 3692
3411 2702
8773 7788
8212 994
9607 4758
2910 9934
9273 4422
7331 7624
7814 4281
3348 4925
7129 3809
3033 5459
7242 4972
4901 7672
2746 5670
9740 9216
1206 7164
4057 5743
5140 2196
7985 9669
5924 3947
5980 7001
4937 9352
5885 5245
9850 817
1735 2638
5891 856
9610 6863
4235 6005
4341 3302
896 6597
4519 5953
3833 9595
543 5768
3253 4254
5339 4121
1229 9613
3800 2319
5158 7271
3019 859
6540 3139
3366 9171
4395 696
9812 6422
1816 157
3624 268
8550 5155
565 2030
9835 5796
1172 3005
7921 6731
6232 8073
7543 1453
9340 8757
6809 3165
1892 8576
5507 8682
6 8845
9245 3167
141 326
8809 660
7687 7936
8124 2812
6883 4580
8689 1119
2936 9036
9069 6602
5151 9449
6877 9569
723 2725
1256 1842
3736 4879
5666 9074
7391 7801
6991 2642
7628 2353
8638 2598
7000 7239
8531 9685
9616 3985
1893 7026
7941 9676
4627 1902
1601 5526
9552 9232
9407 1277
2191 3777
9731 4437
9640 482
7490 9030
7600 9889
1152 2696
1485 1003
8693 1259
4842 3053
3109 7169
1807 1854
3939 2428
3820 9385
2325 777
7078 637
3483 2790
4763 3378
3870 4638
9759 1030
6535 2759
9950 3089
2302 2415
7046 1705
694 9064
1020 3631
58 9594
5934 5996
6463 5811
5121 7086
9688 118
6844 7135
8607 8565
6039 8146
6464 3975
6811 4703
5155 4478
5237 9033
6677 5673
480 3693
2126 5253
6524 5746
3898 2727
5211 2869
892 5840
9958 9799
6638 8997
4211 2701
3933 2962
481 7696
6015 218
9822 2298
6549 5751
6089 1554
5554 5346
6482 7354
2486 2450
4749 9169
970 9454
8358 1037
3870 2212
4148 5262
4794 2881
1168 1981
7150 5182
1252 9321
1243 9090
4443 6130
2637 1095
4132 2655
8771 5777
6392 803
9474 4098
1701 3322
6970 5483
2643 1398
1764 1814
1398 3024
4081 1230
1288 6317
7031 7306
3776 7340
3635 8697
8824 7853
4479 2078
5227 2264
9694 7556
6254 7443
5602 5756
9777 3737
4793 4855
2921 5613
1758 9579
9491 3658
3448 207
7431 3745
1960 28
4400 7332
3232 6294
1648 4642
2940 7020
1067 4482
8796 5977
7287 3994
8342 5863
6444 9269
7471 6526
9777 4079
3855 8932
8044 8349
8374 1445
8806 9396
9968 4149
4125 1694
6505 8905
8762 7872
4500 6
8336 9804
4301 2138
7423 2971
9365 3539
6238 425
7930 7112
6675 7301
9708 2789
9420 8772
1999 4114
2010 8378
4745 6158
176 8759
6149 6796
4626 8896
8747 7930
537 8306
619 830
4185 5932
6452 6350
7601 3884
723 8803
979 6764
3612 6935
9195 9079
8392 1567
7560 783
9380 3586
7608 67
8893 5426
970 5312
1491 4160
702 1801
863 4862
1851 2483
899 2904
9525 7928
1049 2001
1208 4596
9380 8734
8895 6017
8242 4303
5601 4669
229 9477
6517 6762
1398 2414
3469 896
4065 5159
2458 6798
1902 9348
8873 4805
6558 9929
6511 2916
2198 1412
3203 9896
3145 6381
5041 3122
3967 4821
4021 7368
6756 4182
9536 6914
2329 4748
8648 8038
3016 9254
6719 9132
4655 4296
4281 9362
8892 5144
1174 4124
3270 5020
444 9221
1476 1625
9485 9840
5359 8388
579 5028
8789 194
8109 2721
447 8354
7114 2822
9959 9729
8673 6737
3484 2165
8083 2365
9265 7790
4609 1246
4102 9318
6464 4754
6569 3314
4769 8331
5751 5924
1722 2047
8076 7693
4583 6459
6464 6887
8413 1495
9431 3834
4239 4896
8631 9504
914 9539
978 9864
313 8497
8175 8295
1221 5502
8876 318
9183 5663
201 5161
9401 5660
170 3112
3606 7964
5617 8658
7414 1959
2949 6352
3027 8944
2170 1518
4151 5138
3765 2280
1812 5237
9143 978
141 5344
540 5888
6040 2231
8081 745
6949 7039
8788 7599
7141 4323
683 9012
5809 7177
6548 7725
4027 9181
317 1225
3618 972
5905 4084
9821 6797
7079 516
9283 3808
169 7111
1818 7248
7604 1510
4519 5882
2827 1267
7921 9878
8967 9671
3586 1522
1243 7795
5531 1481
2292 1556
2496 1527
5372 8520
2073 3467
7304 7481
6027 9782
1546 6468
9910 6805
1853 4301
2862 3423
7120 9
7630 7487
5268 7924
6906 963
4965 1992
1678 8390
3112 4194
4753 7187
2783 5576
1977 8264
5619 7163
8857 3766
4811 59
5473 2505
9160 4676
9293 6415
6430 6347
5847 2684
610 8416
6493 7997
3309 8774
1835 9465
4119 7440
8689 2094
8980 8945
5573 6207
8886 1605
4777 2158
7201 50
58 3967
3148 3087
3784 6283
9306 9319
3902 8742
620 6069
4700 815
9343 2160
8572 4442
7116 2526
1679 9779
5328 79
5100 908
6829 6763
4227 6492
7734 147
8227 5943
9615 9528
9956 1994
2051 3761
2090 6864
7403 1210
9025 8528
8375 6943
1513 8138
2869 3959
7409 9342
7601 4170
4481 390
2156 8778
7597 4279
9241 3916
552 1207
9575 1670
6660 8934
3454 2932
1565 1887
7552 8844
3625 9500
2200 1962
984 2259
3027 125
567 3829
6305 3317
4638 8975
6949 6759
1118 8888
4425 4498
2862 4178
2560 8024
1985 9692
5341 7656
6868 6930
277 6534
3967 1807
2355 6566
6310 76
1266 8494
1472 4429
6007 1657
2027 9391
7916 6442
337 6831
299 6822
5014 4874
4066 6386
194 186
776 7022
3263 3624
7134 8415
7972 2617
5345 8953
8568 1486
8547 4277
5141 2631
4213 7299
6156 9322
1632 1068
4422 4067
5582 4097
430 4723
7874 5214
1521 7828
1723 4324
6514 5046
2790 1351
1496 368
3377 2032
3799 1796
4484 6210
7504 3262
5798 5425
7566 3660
984 9945
5380 6795
4060 210
672 5288
5779 4743
2587 7704
3625 2551
9858 1067
8151 762
6945 5148
4609 3437
9105 4200
4480 1553
8846 278
9547 1676
9526 292
2823 5788
3972 8600
178 4474
7981 2120
762 3987
3429 3048
1924 8628
1000 171
3891 553
4595 8741
3454 5031
6163 9899
9216 5988
5367 7451
9594 7533
9152 6376
8611 3679
8822 5087
7800 2366
216 5320
122 4475
2990 4255
3310 4770
685 667
3761 9926
7881 6182
2564 174
521 5712
6859 6638
5905 3268
3608 3099
9727 4782
9024 5290
8911 5352
3454 8152
181 5984
7060 4003
1084 6029
5804 2313
850 4059
3551 6901
907 379
2212 5727
4500 3946
2647 4698
9087 2745
7975 9634
4613 2008
5353 1062
3298 2534
5835 7049
8193 2731
3843 5469
3839 1517
196 1727
3849 5397
5234 6259
3015 8855
2392 3703
4783 785
4572 2537
6109 8591
792 6561
2610 8891
6228 7812
8883 403
2460 9305
7942 7597
6814 8006
8509 2142
8234 9774
9656 1794
564 2860
7193 1385
81 7472
3273 6689
3567 4144
4587 1160
4233 6405
2996 5993
9883 7146
4453 4488
4448 8789
1100 7282
3101 3124
8034 1776
6644 8425
8986 1258
3145 1596
7168 855
5018 6951
750 329
8174 4694
8541 8178
4107 1292
3044 8084
8142 1675
222 4869
978 9970
3213 5687
1893 3723
509 7716
8948 1464
4044 3634
3393 2162
488 4618
9731 1143
8223 6630
4855 4979
5289 7640
542 7934
9422 4329
451 9637
5478 2585
8039 6367
5759 3496
2124 1831
8668 7830
447 8312
978 3003
1098 5160
4213 6520
9062 8852
8517 927
7566 2025
1681 8208
7303 8831
9464 8714
1745 3111
978 6330
692 1848
4136 2761
2235 4493
2700 7480
5111 5276
141 3675
4392 8145
3869 5831
1169 7809
9691 4729
8684 269
2505 5739
4074 3699
4838 2113
7852 1927
5206 8185
2593 4718
2298 8807
4729 5637
8527 2861
2629 4759
1303 7530
6112 4933
6849 5357
9163 1159
1177 4127
7457 588
9126 7384
759 534
7063 8241
4305 9928
8690 5199
7868 854
4278 6113
6644 8450
2985 734
4803 4798
1691 5183
8516 5402
7304 2890
3967 3857
4720 763
6033 4024
3734 4980
2968 715
3570 413
1010 2018
9919 2021
5773 7077
3364 3965
2543 4556
89 2506
7434 8684
9359 2277
4308 7415
9386 2329
5890 8562
6417 2185
6966 2308
4758 6323
5934 9784
3854 1332
6676 1502
2513 2203
9991 4490
9752 6408
342 320
5550 4547
7497 9863
2226 4311
3303 5741
4876 3605
4173 4058
5074 633
9594 7414
6674 7727
7223 7100
3234 2003
1974 7310
8626 2593
7495 5326
4893 1730
1844 2074
9276 9317
0 9401
1033 7966
7410 8857
5939 7739
6686 8545
7568 2067
9617 6107
288 5801
8179 6076
7181 270
6274 1678
7868 8775
7170 3452
7813 2594
1474 9035
7839 1821
3973 5804
90 2608
7870 3776
910 775
613 5153
5109 7339
1913 233
2900 1908
8573 7543
1698 4858
8550 2458
2546 3497
1075 5973
8300 3665
3902 8968
9150 9394
3620 997
8486 5010
157 615
793 279
3738 7970
6193 3681
3072 2429
7048 7723
5207 4712
8727 7961
8600 4295
4560 290
2944 8903
512 5318
7575 9095
4502 448
4651 7501
7680 5822
9379 7550
892 5806
2435 2778
3624 4020
5707 8297
7638 2760
8643 9063
9049 3101
4204 2849
76 3236
6487 873
2928 3263
6324 7627
978 433
8031 3333
3016 8677
2749 8806
2846 602
9380 7536
4663 193
2882 6815
6466 1576
1627 1830
4184 1027
470 1825
3629 1949
8109 6477
8635 7848
7041 7165
1528 4004
8569 6507
2708 1069
6625 2650
2821 9858
6935 7528
683 369
2907 7496
6342 1533
9322 8610
8248 792
8042 6700
9390 4366
606 2592
9458 1147
1047 7356
1077 8797
3240 2110
9038 2276
3855 4249
9616 4430
9961 334
5380 3668
2927 7436
978 3154
6568 3885
5586 5272
9538 5776
341 1047
9672 7040
1913 8781
4698 5516
8878 5532
919 5481
8753 1891
8148 4190
3140 250
2098 9483
5257 6194
8477 4756
1298 4747
5344 3917
7320 4604
970 6807
1354 9994
8411 9408
9918 3770
8550 5037
9354 1662
5554 3287
6506 9103
4088 9203
9594 6114
8163 8593
807 9439
3853 5614
5746 3919
3976 5029
8949 8639
9196 9824
7820 2825
8630 3697
5874 4005
8923 6231
810 9153
7669 2522
6501 9161
7735 9061
1329 1307
3926 6707
6501 2690
6228 2266
6383 4416
6765 1745
3778 1343
8283 282
410 9459
370 8484
9884 512
5262 4458
1525 3702
1057 1837
8331 3100
6232 4000
6765 7434
4124 971
1390 6894
8486 5817
9974 1800
8951 1881
7669 7717
2333 5043
9837 3667
3058 8147
8981 1559
1215 7369
8298 3673
3543 3861
2159 3612
2572 5279
3516 5281
3967 8046
5438 302
6943 9693
9756 43
6541 8708
5751 4210
5554 77
1196 9339
7438 4433
5702 773
916 7954
5742 7103
8102 9604
5969 4566
4843 5002
2067 2796
6744 862
5700 6880
6708 6600
6399 4510
6802 7069
4937 4141
9928 6188
7046 4401
3158 5914
1817 4936
8138 1530
7446 4302
1694 533
4963 7181
8707 7942
3033 6116
1261 8996
4278 4395
1853 3218
6437 6424
3760 6579
4084 9960
6440 9772
3322 8655
5017 6180
4341 2784
2539 9698
8083 2490
4297 5910
4809 812
3448 8044
7303 1898
4824 7258
7948 5786
502 3404
6737 503
8536 7058
8910 5054
5267 6827
7064 32
8053 9649
9474 4026
9613 2600
8235 7658
4887 2568
683 8309
6640 9714
8298 2449
1532 6356
8207 1106
4060 7993
2261 9572
9393 7681
512 5556
2086 6023
2159 2685
5512 2399
65 1240
9198 6892
3833 8424
1673 1141
3888 7437
5658 6803
8601 7554
4557 1563
7204 7353
2792 5858
9267 2289
6033 5473
3430 2174
3189 9341
4110 7255
6464 6994
8980 8420
4322 5385
9373 3184
4338 571
9318 3939
9928 9172
9790 8795
9849 327
6647 4595
5494 5250
4345 3209
7872 8412
7689 4953
3969 7355
4838 3017
8809 4300
312 1997
3167 5968
4566 9734
8194 2620
4211 6464
7595 7741
1720 551
7595 208
3537 2241
8242 4362
7187 4825
9375 8247
8757 4140
4792 647
5816 8421
5773 3736
2143 5174
929 2316
7557 9425
2979 9078
1676 462
3734 6457
2828 5946
6416 9939
9486 3873
5819 4958
8728 4942
8559 7581
5473 4227
651 91
4237 8603
4487 837
8445 8021
5986 6311
9816 7474
3545 8351
4906 4627
6300 889
3278 7372
8104 165
4022 5601
4342 4184
4582 2581
7808 5178
3592 7769
8128 8050
9759 8504
2984 3533
2686 3653
7299 8043
546 2865
2952 8181
8205 2540
2027 229
2598 7016
1579 5632
9143 7303
4946 8895
3436 7719
4365 5379
7469 6829
1686 5218
9688 3026
2252 3554
9607 8005
3308 5116
2382 2459
3883 9435
3375 1271
6770 2703
2909 5713
4743 5329
6438 148
2761 8487
7791 9986
9759 1822
2778 2662
6430 6565
3513 64
170 4736
4788 6082
312 4179
9218 6809
9571 6195
967 221
8333 6744
4459 254
3320 2323
5154 2992
3346 4631
9324 362
6686 4557
9538 7587
9747 8439
3535 4060
8246 5724
5773 9837
4840 2082
7421 8236
4478 3012
6114 9360
5439 3900
8880 2372
967 7242
1915 2146
5024 8532
8308 6219
3085 3474
256 2595
9156 747
3625 989
8664 473
7648 1899
3315 8284
8163 7996
3405 8334
2712 690
5647 8858
7385 9606
2901 3221
4538 1686
2320 1484
7470 5106
2560 4152
7467 5991
8725 9377
9898 4724
8712 8300
9067 2584
2608 6518
3847 3092
3932 9827
9354 542
8568 2378
7368 6932
2167 910
3614 4502
1478 6698
9970 8533
7766 299
7648 3352
6800 1232
5350 5342
4635 2917
3543 5912
2152 7379
2850 6960
9660 9503
6689 427
3334 7757
8601 621
6751 9530
6709 6872
7601 2641
185 1665
3335 6208
7719 7046
5503 4841
2880 6278
6537 2166
271 9007
3228 1578
5783 5664
8580 9215
5924 4087
1731 8907
919 7984
7608 2135
8096 5024
6309 1793
561 8536
7841 3494
3975 643
5011 2273
9148 3230
6485 420
1851 5016
6648 7502
8621 4299
5631 1247
196 3775
3839 7730
445 945
4188 8709
6847 286
1710 9024
8986 9946
4850 4810
6593 3949
5473 4628
5073 5233
7257 3108
9890 9330
7639 3920
8635 46
6463 3556
4005 8259
4836 5577
8476 7160
8973 6327
9365 1112
8997 8648
7242 8581
4362 9795
4484 6811
2932 4225
7288 4585
904 3386
5009 9381
1850 4305
8727 6496
1583 5732
2736 6685
3406 3711
5106 2464
9186 4654
7092 787
3280 1318
7222 2027
5206 8984
1881 3909
4021 8474
2909 759
3336 1754
1679 522
8540 105
4365 1740
841 5936
2854 8812
8520 9802
8991 2149
4690 8214
4293 1164
3279 5496
5488 8245
3908 9147
7038 5139
5207 2936
6866 8710
7213 3054
616 6503
3245 1845
7239 1926
8108 8183
5289 6393
2756 1535
4906 9045
935 3259
4453 5866
3584 1338
2017 359
1143 1417
655 1979
5703 4133
4780 9111
5554 7759
4245 1263
563 2580
4552 3348
9191 8220
9191 4614
4613 7908
7271 2223
5382 3992
2626 5065
6066 7218
802 2574
7469 4763
7830 6183
3061 122
6474 2603
8909 901
1272 4605
3145 7772
6426 7431
4023 6902
2639 4889
4595 6160
8626 8222
3416 295
8333 6784
9898 9053
5260 6868
9248 1611
3436 1415
7215 9708
6218 411
9451 391
3958 2625
4712 8881
9417 5742
3387 9653
1887 9678
9171 9290
6266 903
3246 3953
7453 1184
3558 1581
8566 455
1114 620
8751 6418
5839 6047
8284 9379
5059 8816
190 3226
4908 9532
8938 1613
3148 121
3247 7778
9958 6956
2170 8966
8199 6846
6835 9361
1315 557
7812 6515
8630 743
6589 4010
3457 8700
7495 4727
7170 5226
46 3015
5787 8832
8917 9388
3824 9234
4216 4188
1398 4337
628 982
8178 3639
2908 1248
1849 4817
3857 7274
7218 116
6740 2983
4231 3285
3377 739
626 9210
2869 3204
9844 1302
647 8995
3516 7701
2655 6163
2255 2988
619 2124
4102 406
1378 7980
5463 401
6231 1597
7777 3908
6458 3080
7438 9463
3967 2807
1691 8570
4887 2810
4803 5962
6518 1149
1704 585
2456 9309
529 3856
5794 6331
6092 2876
1433 372
9662 7823
5198 9474
2009 2136
4249 1923
7735 6772
3536 6394
1985 2710
4725 5264
9640 2420
4676 782
9493 8444
6328 4162
6998 440
1397 3269
5584 6060
4260 7546
2935 6582
292 5427
8997 7007
8701 149
8174 7694
7763 8506
4119 1144
360 8973
372 3623
766 753
6259 3223
4119 6024
1823 5211
3063 1746
4005 4118
619 3308
9401 6198
2527 1968
3366 3843
5037 5137
1975 6332
2456 8787
6441 682
1638 8363
2785 6806
8430 3532
692 5224
8191 1914
3027 687
2261 7390
3997 3719
9410 8989
2513 1061
9669 9857
7483 709
7835 2144
2246 2910
7083 3912
5615 5902
106 430
5562 2681
5097 7712
5088 2516
4987 264
726 5611
6945 8693
6491 6680
7874 1043
7975 9190
6966 5201
4317 4657
6194 2786
3092 8524
7473 5581
2025 4639
1712 9859
8939 6048
4131 9006
3991 1700
727 2792
6605 9139
1895 1541
943 3058
2681 1461
1483 3528
1803 3079
3736 7893
8785 1490
814 7249
6841 2561
7170 3638
8353 4807
3510 7139
1764 2161
2725 5448
2984 7708
5980 2787
4565 7276
4968 3384
6478 4589
3580 5195
2095 6528
1881 5737
1707 2605
3710 4567
6299 4208
7958 8588
7669 480
679 2987
8289 9244
8362 1931
6787 2636
9155 8558
5028 4233
5177 1775
8543 8199
3649 1098
1550 8341
5142 2539
6493 7313
9277 2563
5382 8579
5276 8045
4792 7284
1174 6066
4299 1251
3299 4456
1335 4468
512 6835
6304 5970
9767 5534
580 3242
7639 8951
3967 2324
9195 5839
5324 447
3505 9415
4318 8368
81 2965
6080 9534
5288 501
4481 8517
1174 2903
6118 3023
224 5799
2014 2143
6830 9071
3842 1051
590 8266
835 3346
4991 8436
2576 8070
2449 2193
2834 9999
289 4569
6660 5942
5613 1381
1849 3717
299 2697
7352 4951
7601 1422
8781 4373
4649 7052
8399 223
1671 2438
3527 3238
2736 6463
4905 8930
2620 212
5370 7482
1382 1880
1647 3552
9439 2856
4132 2829
7029 1315
3534 5735
2491 6845
8539 3779
1644 5107
9536 9537
7342 1623
4262 2355
613 1114
3337 878
8661 4945
6025 1102
4410 145
9381 3422
4911 7750
5475 9525
1587 7281
6176 3343
3570 8747
9186 2201
5928 6817
7168 2448
9413 4779
1541 6525
870 922
1393 9120
8773 7615
4462 7034
619 2714
4623 4716
5277 9679
3467 6159
9491 7495
8630 7718
3003 205
399 1173
8464 1072
9608 7904
7874 4130
5399 8566
562 7498
1796 3792
6027 4196
7730 6940
2912 319
8044 4960
4643 2843
3315 609
1883 376
2887 2326
1344 9240
8937 9968
5700 422
6611 5955
488 8980
9799 1542
3306 1463
854 7545
7184 4216
9992 5242
703 2754
3030 1552
848 8571
6871 3664
5544 4241
7382 7558
6198 1224
7899 12
201 8885
4897 5513
7787 7060
7309 3990
2039 7926
3347 5041
6676 3824
7841 3849
3144 939
6348 8096
5736 1571
5358 3755
641 5238
7852 7798
6541 3565
3920 2330
7300 3211
2444 8229
7738 8445
6403 3867
5207 6848
8951 8822
6730 6012
7547 1555
9110 2234
8055 7419
9218 6184
2159 9600
5872 426
1176 7792
7039 2913
701 7489
655 5416
8941 9796
5429 772
5777 5150
9282 4063
6380 5000
2618 1748
5768 6511
5198 3245
3512 8723
6394 6389
5522 7871
5656 1551
6164 434
8540 718
6497 5506
6648 1864
5211 2756
7986 2075
6724 7516
5326 6467
4306 672
5022 284
4098 1594
2978 6786
9687 2426
125 1852
3423 2096
1215 9031
6930 1780
8601 6702
4793 5205
7560 1444
5046 2949
5214 9915
5232 858
2666 2363
6108 8358
7614 3129
1710 6942
9567 6015
6477 9805
7909 6161
6759 3216
1836 9441
7812 2339
9685 1683
5983 1808
7974 2083
7881 4819
641 5705
9438 4234
7029 628
2713 7907
1225 5587
6959 2720
8845 5077
141 7948
9777 8465
1521 9193
6581 7918
7102 1344
8631 3393
6264 1148
2392 3804
2027 3060
5531 4892
3842 3769
5951 45
9494 9149
3068 2767
1335 780
9863 8319
3406 4078
8226 5859
528 7473
5713 4563
1766 5873
7882 7494
543 7983
4938 2058
2629 5570
8933 7807
6940 4229
6203 3040
6259 3910
3141 9224
4836 818
1065 3740
6853 4504
8363 8322
9236 4653
6059 1440
1021 8408
500 9516
1157 6275
6714 7367
1357 2801
6415 4928
7511 5951
7050 6353
3722 3615
1700 6377
974 3138
802 7381
6798 7931
7754 6508
4958 7209
8152 6965
6232 9553
6532 1569
9161 5311
619 3859
9640 8880
4686 4899
8859 2601
2909 3063
9789 590
7998 98
3644 4499
7844 1170
9297 432
7234 2380
7595 1300
3437 8972
341 2009
2643 1985
5452 710
9393 7215
1437 2997
3454 514
2159 6998
9147 1870
3387 2029
1485 3442
7526 5053
6834 5782
9984 2455
1096 304
7287 5123
3315 2486
1226 6403
9768 6992
3897 7261
4263 1322
6514 1760
3033 6120
3586 450
5507 5505
1114 6110
7758 6290
8459 8272
1999 6242
4486 355
9450 3614
6056 9486
1062 6022
8420 7117
3624 7455
8908 9588
9464 9289
7458 6153
3211 3329
7136 8685
5051 1168
9611 7485
9030 2394
4950 6151
7208 5551
8429 1720
2846 7611
3754 310
6235 2015
3699 1001
4296 2673
3271 5880
1206 2237
4142 8202
6 3715
7193 9523
495 1162
8240 5442
6828 308
8946 584
5128 3530
4643 717
7413 4714
5798 8106
6488 942
4322 931
8049 5688
1509 265
2721 2777
9767 228
6041 6548
3537 1371
3182 9109
8765 1354
3618 7825
2765 9200
8023 5270
4161 3750
9630 9400
4644 5176
3027 4407
2128 4677
2854 4459
6464 4080
853 478
4332 5017
6489 6388
3869 8601
6558 6540
8190 3410
3406 8626
9594 106
4878 9776
3847 5129
4306 9752
8518 4709
4686 7915
9864 9538
1379 9073
6006 8784
3093 6816
1047 7559
5475 3118
9974 5714
6143 9311
5021 6876
7452 9048
4729 9723
3375 7091
7204 142
4963 6964
1777 827
5206 8246
8185 700
970 4969
310 172
1318 8248
6602 8398
4931 8982
7127 236
4574 1523
6508 4849
106 146
3862 4962
4606 321
6202 3411
563 2106
7781 5624
7885 2752
7038 8362
1109 457
9863 4725
7189 7632
4002 988
4918 6981
5647 1403
7500 644
3351 2069
7891 511
4895 3174
6421 7515
7711 8620
9311 5359
2072 7906
917 4774
9415 7359
4014 3
2191 1078
1505 960
8109 5292
4309 4719
1207 6495
2887 7988
3033 4177
5158 439
589 6168
7639 220
9156 3866
8993 6653
7745 4065
7137 4031
5340 7752
298 4029
282 5149
7303 187
8146 7179
9684 5188
831 7557
8712 5522
4906 4319
229 2020
5029 6733
2611 6078
7118 8353
2697 6285
7601 9974
5712 1260
2629 9888
1114 7982
7531 4083
3535 7756
8892 7861
9002 2170
6817 8823
3423 5302
1021 4875
558 5006
1726 5644
4301 6683
2542 921
9207 8177
9175 5376
1587 6321
9878 246
4710 9615
9476 999
3937 1778
3795 1696
5386 1120
2785 5983
4655 5608
7641 4269
7947 9781
9163 5780
257 3925
4156 6586
8491 6426
4229 2204
3423 1452
9407 7603
9914 274
8065 155
2947 7780
1512 3568
7736 3135
7195 3728
3003 6875
6028 8478
8152 8841
2944 9820
1719 2468
2159 2844
8977 9276
8366 4350
7735 9527
6510 4238
6775 589
89 1163
3571 4426
1319 2310
6075 6252
5226 3957
316 952
7977 5925
4623 6412
7421 1410
4204 5757
4253 3921
8780 5874
9897 7232
3117 4316
5684 2381
5292 8496
2872 7010
4482 5898
1510 9511
3923 5067
5856 2433
4687 570
5534 3417
4854 1183
7211 9662
853 2814
3451 9446
6177 8171
3973 5885
4612 2867
6348 838
4612 3022
372 2287
3548 5726
7060 6969
5871 6622
2159 665
3979 3744
8763 8136
4271 6719
7719 4838
9193 6019
1139 2718
8389 6844
8795 7243
1050 9654
3818 1943
2596 2902
3681 2729
8110 1093
8318 2954
754 4659
2647 39
3037 9017
3720 6533
6858 6641
7115 1139
3813 8253
3317 7783
3243 1154
8123 2648
8916 4081
8520 9628
9458 4183
9069 824
9391 8491
7255 526
2162 928
6539 8613
8391 6306
8907 4910
9038 6773
7007 694
9338 7880
8530 2538
2418 2717
423 8198
4868 6480
4023 6313
7410 9941
1176 9184
9002 8713
2023 6712
5605 7510
3651 8329
9171 8085
7217 4645
9354 1915
9169 6407
8318 3519
9904 8668
2589 4135
2975 1319
6854 4597
3469 5360
7057 2116
9377 5377
3752 9932
2066 712
3152 2301
6108 7645
3485 4464
8256 3747
3308 679
2834 2993
1177 7526
9568 9610
1299 7976
9306 7575
8046 6871
1433 2663
4148 2840
63 7535
1535 9326
337 1223
696 8758
8419 7854
7223 5657
9390 9328
1177 2958
8120 2122
4798 1441
5399 4619
4508 2397
5619 784
9536 1967
7648 1786
978 5325
4935 7957
1721 1026
49 8049
6190 6152
7579 6987
3402 8963
3664 3255
1960 1273
4892 8728
9909 9818
5793 6896
3280 8013
1851 5684
1143 8066
7099 2108
2351 3310
311 5824
7538 3858
9035 5825
5905 9419
9767 9186
8491 7592
6387 4076
6866 6328
2116 3476
8730 4347
3247 655
9067 7133
8817 5772
5906 5277
2167 6211
1807 2576
1823 5030
5596 123
7056 5583
2098 5923
2014 8937
8109 9983
103 7378
4019 5228
1577 4783
7998 867
8968 6083
317 240
4363 82
9491 9739
1777 3580
5289 6014
502 1847
5399 9038
2 5678
556 1764
2928 6884
4462 8194
5197 1055
3101 6079
4871 3626
4698 653
2340 3162
2456 8912
4980 9174
5694 7531
4000 2834
1990 4695
9991 8469
4565 6489
3406 3796
8681 7341
3840 2141
5656 330
590 1352
8663 5814
9409 2897
9297 7302
187 2978
8690 2255
1854 5470
9557 8218
8500 2991
5815 8864
4773 5845
4301 6176
4482 9545
9985 2533
9866 4310
3946 4916
6200 7068
9503 5011
2739 7240
3088 6223
4420 2880
2284 3591
1454 4343
9007 7382
289 1646
543 9951
5906 6529
5770 7822
8928 987
2394 6451
458 9618
2407 6963
3079 3421
8886 4991
461 8121
604 9809
9008 4705
4832 9803
5839 5585
2411 2041
3245 5052
3016 5047
5276 6968
4486 2808
6025 7986
1422 7458
5653 3830
606 639
1778 801
3460 3595
4128 5775
6578 1392
6067 2220
8476 315
2326 7233
6745 5731
9906 671
3659 4218
7408 9085
1220 3466
1049 9958
9153 886
1816 1782
1766 7705
8497 3484
7504 5194
7769 4999
5037 8883
6779 3495
5418 4450
4166 7950
1300 3187
9222 7404
9293 9407
2955 2496
1940 1873
1954 6577
2140 8231
7965 5347
9753 4195
2543 4057
469 7426
2568 188
1331 9378
9166 2296
1081 8196
5859 9660
5768 9759
7972 4148
6491 6959
5667 5163
1803 2553
6655 5569
4723 3915
1378 844
7433 8338
4609 4283
9992 5836
8024 3318
8607 7445
7092 3837
6779 1916
5211 1655
5468 1562
8629 289
4052 1242
1574 1405
1261 6609
981 1131
8228 7940
8021 9727
1474 472
5688 5566
4864 6334
1764 4826
7673 6673
6027 1614
7315 8595
1718 3293
3480 5671
4733 5655
5343 9912
9493 617
8638 8826
3924 4484
2300 3650
2988 7771
9977 2016
1814 4900
5507 7004
434 9920
5455 8456
4748 3596
1916 2376
2736 8082
5343 5823
3072 9313
3908 4006
8185 9217
6138 879
2777 4871
7504 9191
9137 2567
4603 1156
5990 7571
7469 6430
2162 2511
2367 3456
408 170
6738 8387
4407 961
3028 5527
8346 3616
7422 4554
3308 2036
2141 6004
1022 8617
5823 1865
9850 6404
641 1383
5631 1312
4950 577
7184 9687
4552 1071
4278 8686
5046 9904
8920 2100
2844 7227
3965 5209
9804 8589
7595 7994
2403 5897
233 1828
441 1142
8601 8769
5857 8112
3265 5708
8690 9716
7094 9051
8294 8274
7486 4151
885 6172
1035 7724
1638 4236
6505 3331
8748 5263
3625 6585
7201 5027
2494 2037
3271 81
3979 6557
5919 2360
6373 2749
4832 6241
8635 3114
9497 4352
9373 3686
7223 4612
9106 2042
3292 2597
2517 7144
6927 1806
7290 4455
5916 6050
5161 5896
7474 6748
667 135
9108 5686
9195 6546
1513 6982
7000 2979
6049 9253
3262 4904
4097 8557
5573 9674
7126 1369
1721 2077
9035 8432
1548 9146
5666 6119
2783 9070
2009 8301
4618 5524
6956 162
3472 5778
3570 8242
3736 2349
3505 2961
7972 2845
2019 6979
6053 1593
3280 3010
6991 3434
8516 3387
3430 175
3957 5026
326 2989
2628 3212
948 7162
6447 5480
7734 337
2256 4384
2643 7833
4809 4479
4639 1370
5769 2713
9613 3855
1807 2007
7777 7288
1477 9561
9143 7422
8833 600
6483 3566
6321 2385
2124 4212
3714 5662
2280 1013
1261 807
1390 7186
8509 5428
8685 5774
3554 452
5905 5282
7877 9507
9536 6711
7552 8401
6716 2238
9577 9331
9572 8828
4475 781
2335 4854
6176 918
8026 6623
861 297
8646 6187
9218 7050
5489 5717
289 9195
1476 8572
7604 4268
7167 5429
3678 4520
8630 2639
3568 2918
546 915
5830 2413
7422 3321
4480 9985
2815 2885
8414 1781
4467 4987
7075 6088
3636 7929
6993 1755
9777 6282
1545 7909
4178 90
2859 4599
9863 699
2508 3094
7511 8555
6644 3210
9621 1358
2739 2236
276 9062
5271 8273
9975 2578
3548 9510
9811 4802
9391 2167
6901 1197
1099 8238
1582 1970
1513 5999
8782 9107
8683 4028
8997 9247
6713 8498
2167 884
1861 357
222 3689
1902 752
4206 8519
8033 7314
609 460
2740 2541
8111 2977
7231 6027
6990 9346
8220 5392
8531 5008
1925 1602
4462 1742
3219 2556
5730 646
1879 458
5399 5565
7665 7099
5636 6458
2127 3606
3386 8091
2383 9292
4988 9498
747 5443
6477 3375
4511 1907
3147 9424
8474 6559
3044 8029
3929 3894
6128 6714
6393 2171
2298 9733
497 7529
4712 6146
2685 7027
4487 4147
9464 9417
419 8724
9422 5297
6810 2874
5370 3807
7043 2361
8617 272
8362 3971
7192 1195
6462 4491
6042 3385
2116 6142
6609 2672
4122 4586
5658 6749
1869 3954
3695 6658
6642 5259
7881 8582
1201 8337
2643 6245
3564 3734
1680 3590
58 4235
5597 9526
7909 9633
8998 936
6066 5286
8639 7351
7183 6885
6710 9605
4217 1079
8543 1314
4837 2121
8629 5851
8318 9320
5797 2383
1999 378
9594 2740
6710 1423
5297 3970
7164 4132
543 4850
1318 9464
243 5463
7549 1897
8087 3913
6599 5210
1816 367
5586 711
64 9583
7143 3863
4335 2544
7114 2187
2521 833
1228 8104
2191 5907
3240 4579
1521 8457
3887 3846
6953 9909
7515 7981
4437 2342
9782 7131
3240 5646
8781 4702
9114 1231
1873 6687
913 2175
95 1895
1415 4550
499 5390
1934 3320
5747 3020
1529 5252
63 2583
3790 1702
2236 8129
8409 9825
2592 3531
6090 3342
5328 2044
2842 2632
6819 8935
1824 8840
4945 5380
9422 8990
4119 6516
7342 6030
8240 5964
4994 3039
2768 1999
2716 9406
4235 3044
8125 6837
8540 5422
4811 9165
1364 7846
339 6911
3312 9978
2138 4853
7524 2172
5818 9370
9574 6249
131 7266
9242 6655
3280 408
9959 2072
433 6648
2617 2219
5134 5362
3829 871
9082 244
8194 6498
6945 161
8235 8735
4156 9977
5229 4221
6010 4693
8713 3635
6251 3549
1109 88
8920 160
990 5591
6581 3142
4701 7549
4231 7188
8686 3193
7972 642
8260 5080
4102 4325
3755 1941
1298 729
8917 3651
1226 1638
5846 2735
8959 1404
4980 1348
4961 8343
646 1936
9225 5689
4119 6908
1250 477
6871 5913
8343 5539
5173 9332
2496 7781
1243 127
4251 2369
7149 4471
5783 2475
5370 9368
361 37
2308 2386
2857 9467
5088 5389
506 1339
9347 3945
9558 8886
7534 1667
9401 7695
5222 9082
1655 2848
978 3078
8482 7659
9002 6766
4844 15
2629 6753
3502 2852
714 2286
2957 3389
642 2705
6 6928
6639 6589
579 4403
1062 4346
446 7642
3840 4364
8686 8993
1219 7647
8051 3301
7983 1266
3851 6065
2905 5651
3708 8602
6629 5580
5832 6850
8845 8745
3451 7363
1371 5113
2843 8377
4691 8488
783 7053
3848 6436
9134 5846
8097 2901
7968 5989
8257 5451
228 4287
5084 4108
8690 53
9012 6483
61 6603
9409 7322
7177 8674
7871 4575
402 9175
1391 730
8919 9745
1698 5078
7668 5860
2055 8608
586 719
4482 8120
2100 6818
3047 8210
7470 7657
8410 9740
5455 8113
7051 7180
1461 7212
5034 2445
7165 4100
3706 6106
7103 8071
5212 929
9973 5474
9890 6929
5676 3821
7155 8859
5745 1379
5619 9562
5879 9084
9473 765
58 6421
8225 2626
5206 2347
7183 7122
3967 3247
3698 899
5745 2229
5109 6906
6003 3538
8857 9212
8619 3340
2226 7272
76 4122
2027 4993
7919 4543
5690 1442
4945 9291
4947 2436
6599 7119
5565 7471
375 4077
3954 8118
672 130
3715 6745
7143 8067
9007 6058
1315 3833
4491 6205
7849 2699
6686 5518
7655 1546
3570 9656
336 9479
5222 2169
7556 1015
4257 9854
601 8660
2904 3735
565 4023
9474 8645
4570 5512
3144 6256
2448 5835
723 6865
9180 6111
4722 2947
8463 73
8185 3260
3567 40
308 7081
8861 4816
9422 7222
9991 6277
2226 9632
2516 2629
1773 5649
5674 6028
1037 4880
4691 8954
3870 1391
2156 7028
5385 7827
609 3381
3089 1706
5686 6197
9736 8455
4322 4376
8099 4873
95 7048
2040 684
9870 7688
5481 7736
8781 9767
5745 7009
6841 7230
2079 4288
7408 1087
6159 3072
9796 6947
6605 3455
8619 9461
6811 4981
6889 7101
1320 9689
3521 3545
5191 8373
7859 9179
7921 634
9444 7639
3672 5453
2812 4016
5155 5440
5268 5096
8894 7156
1869 8375
2541 3758
343 9937
340 275
6506 7511
1384 9925
2257 9453
1691 2623
3715 7221
8408 1889
7040 3173
1869 7885
2815 7814
858 1839
3820 1308
1900 4286
6596 5410
4649 1579
7101 1906
2690 1722
8276 6657
9413 8870
9694 60
568 47
7129 2975
5417 9457
3018 3754
3721 5949
6501 8915
6858 9410
3272 9690
8829 1082
815 5412
2562 1813
5030 9409
1777 8614
1055 6821
9463 5437
1585 6112
1235 9023
2797 5383
3693 7655
480 1075
8772 3880
2855 6305
5666 6470
4500 6843
6724 8609
6827 7229
1042 580
7039 87
6253 5586
9970 3353
6505 2150
7960 3782
6808 8173
6387 336
4541 9395
9796 7866
5741 5060
6877 2261
4832 8949
4528 8818
5919 4647
7726 3007
2588 8689
6356 9246
8871 7985
9862 9596
6897 8422
325 7488
9165 7296
6093 4989
6842 2119
5724 622
4840 8821
240 4053
3891 3050
1158 4909
8889 7648
1005 3090
7121 8559
9888 2133
7157 5723
2675 4360
4271 5278
6549 6387
7653 492
8864 9141
6065 7578
6626 8116
9485 5639
6289 1525
3920 698
8410 8683
7184 1474
247 9881
6798 8986
9966 7967
4236 5261
5708 1479
5277 6105
3107 3930
3628 944
8488 2773
115 1066
4163 6045
8814 5055
141 9589
9850 9709
5880 6647
201 6671
7589 3989
1391 2465
4988 6125
300 3446
9124 323
9932 2564
8251 3510
9268 9546
8773 6129
7604 9760
3509 5184
7463 3363
1267 9399
8194 4922
7245 2747
8185 6109
9810 9268
6708 9819
3722 3243
5847 7320
6227 2859
8289 4863
3902 8333
4725 872
5158 1496
6667 9004
445 8105
6767 9555
2455 8830
6444 768
764 7971
4075 5734
2847 5280
1548 2211
6483 1272
6953 7815
7509 3698
3635 2252
6839 1310
394 9286
807 2765
5751 6462
9380 8959
4020 3149
4440 6140
1543 2570
864 8414
5997 2099
6469 2627
1593 4655
3263 6359
1570 8053
6985 3759
541 224
1644 7923
7418 6768
5194 4685
4984 9860
8301 9705
5417 1590
5540 9786
8561 4929
720 2151
1119 1859
3521 234
8358 5401
5822 9756
3585 5935
6530 5828
1372 7089
5217 3678
2455 6567
2485 7224
3112 8268
4712 277
2154 9198
544 4521
8941 2312
6532 7090
6175 1640
8973 1504
5351 4495
4107 7674
3376 1812
115 5667
5373 6890
4567 7147
8308 2484
407 2432
9807 8755
2517 5540
1512 9582
1888 5293
5809 9838
1648 7791
8752 3996
9491 2644
6451 6199
157 1608
2134 393
5762 83
3909 1436
3918 2591
451 9914
2844 2517
7747 1019
8623 8798
5313 4040
8621 1583
9571 941
7052 7000
6067 1153
4632 2262
9173 446
821 2806
7386 4276
4586 17
2381 8909
1496 3489
7244 4558
4844 7393
5618 3157
1227 6175
9491 2209
1214 2908
7445 802
4649 5198
1281 6484
4558 9908
5181 9334
5814 3229
8725 1512
9003 429
8361 3801
7314 481
7492 9134
3588 3555
8907 4290
754 3767
6481 2688
8763 3926
9608 1293
6548 9258
1192 666
6303 9867
4587 4795
2340 3182
6436 3018
1928 5628
8178 3571
2707 4171
1773 2117
3628 4588
1756 3309
6514 594
3437 1123
3369 7796
5613 4839
7303 4786
1257 9557
3533 225
469 9575
5839 8505
5937 3914
3630 3186
3824 3240
1957 7595
3734 6596
9369 4947
2019 3609
180 1520
8920 9571
811 6102
8112 7864
4970 5802
6327 4534
3403 5095
2458 8836
2040 471
9818 9565
5619 6814
3026 4280
2975 4165
3990 7051
3668 1045
8342 5820
6642 4884
3792 273
9879 6836
7445 563
8433 7775
2023 8037
3840 5330
4056 9524
1587 1215
2260 3993
7215 9599
7292 6253
8811 898
3533 7044
5380 9816
2721 2818
8172 3406
4622 4092
4874 6578
162 5162
8816 4109
2296 2612
8863 1604
8178 4211
9684 4293
8457 9817
1722 5638
6622 2733
1379 7178
888 1810
450 1498
9610 9965
5445 7567
5307 4082
387 6927
3660 1591
1731 5766
433 7154
5267 8206
7908 6690
8951 7797
7537 8139
8180 4583
128 3907
9650 7318
7145 4611
7564 1011
262 3783
1735 163
8997 8782
9618 6801
9608 5438
8172 5003
1145 2137
7267 2774
4914 1666
7167 4974
3521 380
7170 7311
4773 8750
9029 8779
7220 5319
8985 2281
4184 1744
4105 8417
6138 9829
6704 9765
2641 5560
7299 421
4425 5940
4862 3684
5602 6138
9984 6127
1979 2491
7127 6800
9053 5819
6273 9753
8071 2894
4134 3203
1030 3852
4666 7361
521 6976
1655 1752
9628 6727
7222 1836
6668 9225
7753 1619
4928 5916
2167 7208
848 1317
4947 8702
4830 1599
2818 9337
171 1365
3956 4660
5619 5314
2942 1233
2973 7377
7086 285
4643 8026
337 5636
271 7023
9369 4651
7998 5221
6725 3962
3551 6788
451 8833
7687 6409
6273 4261
2305 6662
190 3027
752 9099
1557 1508
8469 8075
3044 6143
3650 4673
201 5945
2725 7663
3710 3201
9129 3652
8635 3477
3150 6598
8818 7305
4395 2670
8440 3073
4886 2811
6156 2085
3451 6214
9623 9622
7643 7118
5055 6856
4339 885
2725 7975
8700 518
5819 1287
2792 9044
9769 673
1261 7159
3094 4501
5062 6859
3758 5486
6001 4434
8698 7062
6663 8008
4776 4317
8415 7813
5896 2443
9568 2803
1940 5121
3760 3486
3705 5894
3987 6553
7009 8618
1026 4977
3362 2189
3970 8326
787 8459
1318 1977
5849 55
4140 8407
4737 7660
6333 7134
576 4013
2502 6972
6284 6475
2975 6601
7908 6157
9787 2456
9500 6728
5895 397
437 7606
9409 1888
5257 6659
7745 9728
5111 4897
2448 1532
7438 5795
3977 4469
4821 9355
9171 1545
1810 4030
6794 8160
6228 317
3885 8499
2990 6324
7437 1439
6713 2114
3636 8080
1163 4201
7915 3560
3869 5755
1816 7170
6861 7600
1651 9485
2635 1005
8949 9387
4846 8583
5323 2660
8324 3773
5951 9887
5198 6861
4821 2502
7657 354
9029 1039
2816 6123
8808 1712
2154 8552
9691 5316
9411 7617
516 2235
7274 9059
9535 4399
534 9196
3869 607
1507 6395
9386 4273
3443 7779
8951 1254
251 6398
3128 8939
6478 6591
4557 5021
7765 84
8365 5765
4961 8195
3197 7892
4 9800
1202 2994
2760 7185
5292 6013
1814 8413
196 5475
1632 9542
2732 490
703 790
2482 2931
8268 4918
8009 206
1869 1424
6043 5317
3464 9204
9058 2535
5192 3535
7206 5856
3049 1237
8491 926
8057 3336
8555 4574
1005 5533
7642 8862
8880 9133
9890 3811
7807 9707
8298 981
3304 4215
1721 4467
9666 5295
7949 7850
8024 140
5550 5407
8949 2424
8489 1690
3145 6725
521 9882
6575 7951
170 6550
7081 7900
5951 3738
4793 4946
3282 2706
9361 8860
6745 2981
7547 9405
9407 7457
5996 6920
5543 9556
6241 9194
812 9263
1934 5432
621 4672
4566 8076
336 2679
9964 3818
1836 7075
2898 6315
7845 9176
2597 3071
9873 52
858 8018
6609 9640
4767 5965
534 4418
9110 7138
7623 9885
1594 3498
2076 8508
9001 6860
2928 9536
7769 550
3985 7671
8465 6263
2438 6895
4574 6466
5463 5303
18 3895
698 4773
4881 3503
1433 4939
3691 259
3060 7085
2660 897
2850 6867
4552 6626
5624 3488
6654 528
19 3158
2462 7869
9871 9159
8772 8463
3079 7889
8098 912
1043 9913
3847 1628
6677 1179
7050 7732
6919 3584
8873 2985
4663 137
1389 7649
2700 9851
1304 606
2890 8918
8464 9718
3010 1816
8424 4820
1595 2304
2759 4688
9211 4764
6175 1070
1318 7168
8666 424
9894 5733
4941 1693
913 5142
8102 3376
5616 8701
3823 3864
3232 6747
6481 8670
3902 7270
3874 8451
6463 3741
9714 4697
6421 9422
3321 8324
5085 7591
7930 4602
570 9013
418 57
1481 9841
9480 626
8920 9975
8586 4056
2921 1295
2948 4075
337 3284
9594 4734
3397 6937
1684 9312
1368 5573
3673 253
5486 8230
6896 2344
2777 2582
2159 6144
6084 9180
6538 9418
5666 6293
7134 8707
1760 3159
1267 2328
3688 6793
4487 8485
3280 8920
2825 964
5097 8606
1777 1323
6923 738
9580 4035
7658 2006
8725 1243
2195 9883
2145 1395
6667 8696
5702 8894
3697 1664
6517 7257
2898 7236
527 5294
3896 3507
1796 9826
8938 7860
9552 6804
6582 3396
6159 3725
9584 496
9380 445
9504 5025
4383 464
8739 1631
9287 2924
564 8395
4857 1958
2997 2817
8524 7598
3837 847
6364 3046
3619 358
7796 1016
4407 548
7785 4622
9709 5322
8635 7504
2520 8612
6006 1229
252 8188
2001 3749
6982 2213
8642 2722
776 4792
546 9667
9687 9642
6008 6735
1247 6173
3783 2545
3010 3128
2281 995
3406 1636
2324 4785
2026 6879
8283 6385
6998 2463
8244 2362
2458 5531
1131 9412
7292 5665
6354 7263
4123 8875
3187 6808
504 4039
1565 1703
4153 7499
132 2321
7215 2878
1386 8428
447 3891
4163 2589
4065 3976
4124 169
4024 4448
8809 6924
5232 5058
3465 4812
8859 4115
8172 5867
8811 6699
4836 4950
4254 3176
4677 7151
4833 819
2306 1244
4073 4691
71 4356
3448 6654
8094 8902
2936 9156
1633 7572
4912 9790
89 1187
9220 9027
5861 5454
2946 3325
8016 5413
8242 6335
9354 296
8673 2192
8462 3183
6628 1912
7386 9843
9195 9160
7305 8311
2559 6177
9110 7774
7091 5200
5871 2272
6638 3551
4446 4230
2709 7408
5407 6904
642 1841
2018 3621
2482 1570
6948 42
4146 9173
9002 9755
795 5504
5939 3049
1357 1844
6355 5604
8057 8396
9755 9375
7835 4145
1098 8157
7814 5648
4908 7547
6373 2080
1816 4424
9487 4866
1987 4564
2957 9635
3903 4679
4959 4412
1976 1818
7129 7115
6779 6724
3348 3771
4728 4090
3595 9005
9129 6756
5399 8746
9845 442
2690 1595
625 8531
857 3710
8443 6555
4568 7689
3836 776
3824 7465
302 2472
642 9101
2649 3306
6849 1373
5414 2050
2486 5378
5653 3805
2821 3246
7479 6097
7222 3515
3812 4967
9938 6646
3263 860
2975 7080
6263 8345
5311 6438
5823 8960
6885 5963
7242 9906
378 1610
3857 1661
3402 3037
8622 6650
815 1798
8919 8001
4947 4104
1801 6740
6293 309
8365 7228
2551 6067
8057 8694
3952 7837
4950 1882
9260 3190
1130 1685
4624 8910
3874 8193
8751 6400
2846 7256
5757 9548
7745 5725
5827 9201
3377 180
3333 3872
1893 8661
3517 2402
1030 7637
8057 6575
2892 7400
5281 4891
6515 8578
2908 6778
6939 6691
8835 3098
8264 9668
3464 5042
5024 591
6070 1238
9063 6399
565 9252
7738 5545
2138 9801
6848 9831
8478 7298
3920 3627
9258 5291
9734 4710
3833 7073
9143 9684
1399 6390
2999 2337
6075 6743
6794 3136
6350 6384
1687 1407
9217 9163
3275 1425
4151 2667
1638 1651
9610 4045
895 2948
9697 7291
876 2318
15 8827
8357 1309
5204 1083
7759 8938
3564 4886
6869 1145
7328 8052
2368 5265
93 3206
1384 8754
6889 1426
5416 214
5551 3305
4632 1117
7526 8265
9873 7407
8693 8332
2340 6009
5847 1779
9520 5444
8798 7911
8581 313
6686 8969
9687 1384
1956 7067
651 2300
8196 6063
2795 2488
1913 3144
961 2410
2786 7190
4306 6494
8364 7992
1234 300
7173 3845
1762 436
1357 5345
1836 6580
9422 7836
3997 3460
2422 2868
7027 7116
3163 2092
8975 3188
4347 5547
7509 9022
3820 6607
3025 6661
1653 7319
1333 7849
8683 5959
1039 7683
3776 9590
8809 9357
7521 7622
9822 9137
699 2012
8863 7234
4705 2853
3173 8004
5267 4882
8778 2930
9007 5353
3033 9533
9093 7401
9171 3854
7617 2070
2680 1515
4439 8176
7218 841
3802 4523
7060 2524
9793 888
8769 9329
6630 8346
1959 8921
4546 8471
6639 3315
5211 4608
9684 6460
4430 1955
5016 4828
2626 4447
1528 8321
5348 4174
9444 1025
2396 527
2247 5553
1764 506
9474 5884
8909 202
2507 5985
3527 4637
9589 2145
3144 3847
919 9223
7480 3447
7421 3248
5715 5057
7316 8887
984 173
4293 4095
8943 1866
5375 3853
2255 4156
5403 8717
3920 1501
4626 287
1577 3645
6291 2664
1844 2835
9380 904
4115 4444
6237 3892
2932 7883
6361 3812
6472 9880
764 6031
4127 4398
9461 4546
9866 9973
1245 7507
4322 4189
3245 387
2340 8699
1490 9852
8536 2757
9430 8999
5044 9969
7426 2928
1772 6608
4046 8355
4952 9302
6487 1475
654 5584
4763 7260
8856 7703
1987 7654
2872 6296
514 1298
1176 6761
2174 7881
3657 2900
1869 3973
6156 6132
3212 6454
7714 568
1892 2217
1421 9730
6719 756
2395 5952
1026 5197
8888 8441
1635 3028
4512 9343
9354 3033
1289 2654
5410 2715
7129 4204
1382 5596
4406 8299
3529 3876
1435 9848
6466 3388
8386 5243
2036 6487
4887 4965
4557 4562
7125 5490
5929 3047
6112 8884
3736 4113
6871 7630
793 7172
9594 1577
1070 3449
5521 407
345 6036
6988 741
6024 2577
2785 5419
2751 3196
6421 49
6777 5849
3119 7409
619 1937
8315 1762
3647 405
8908 4278
1005 3283
4269 3633
3520 1487
6373 4533
373 9901
613 441
7095 4297
4528 3979
5642 3450
5967 985
4855 5369
4288 3254
2675 940
5230 7123
2985 9868
9581 8325
199 520
8941 8462
6282 3816
6871 7107
6477 7410
8506 7935
3535 7071
6951 9529
9655 2519
8833 3603
8917 4722
8352 8928
8453 1226
6869 2011
1933 6254
2351 804
9731 4166
1059 7733
6796 7490
3698 9611
8464 1376
1967 1134
7568 6098
8738 5571
4298 5850
3009 1105
8527 6946
8894 5941
454 3081
3286 94
7486 2454
5255 5336
6132 8480
6716 6299
8172 4400
5953 6590
981 9574
7870 4578
5774 3181
6969 9296
3651 2299
2174 8672
6066 3029
5690 2216
3446 958
9795 9839
8266 949
222 3961
3351 7342
6403 4164
5657 7604
1496 5382
6789 7963
1400 5340
3625 9088
1958 5931
9287 3082
1763 1558
4089 2367
1525 5072
2827 3148
6426 216
9879 2525
9191 6368
3926 9420
9641 1029
9307 9953
4649 5582
7693 6742
1465 6619
6611 3289
2023 8233
910 4378
3084 3362
4643 9284
3564 4486
1796 2441
556 536
372 3904
60 909
7422 9369
4209 4266
4877 8403
129 5485
6349 1362
128 5393
6440 4431
9994 8511
194 5235
3461 8243
5731 7969
434 6280
7188 890
8635 5154
128 8014
8984 4636
2828 5266
8573 4788
947 3611
8194 7287
4211 6230
6974 5615
7691 5890
6128 4902
4749 8760
65 8632
9306 5405
5783 6057
95 9670
9049 0
2403 7715
4853 2274
9407 4345
8039 7743
3431 1360
5887 3258
314 7148
7421 9478
9589 1057
8319 56
896 9623
488 9903
3839 2195
2736 1957
1895 1196
1982 9661
5391 3999
5599 2215
2341 2059
9837 4313
7434 36
2372 9323
4134 5147
5753 6913
8654 8190
9094 4041
8498 9413
2921 6517
3706 5187
6640 5349
2373 678
6761 5593
1188 8370
8307 3327
7415 1004
1842 2967
9751 9462
6937 5310
7023 6785
4602 7453
1926 6397
4728 5979
6515 6432
8550 62
9575 4968
6758 3672
1870 1006
2709 9275
7056 8922
5638 8473
3913 4514
6209 1947
7478 3444
607 7427
5980 6289
818 5744
1541 6070
2988 3803
5962 6115
8738 1331
9973 2305
9731 8172
3633 2061
7945 532
7183 6615
3247 2921
8814 2226
3780 5110
3262 383
1836 6118
4609 5487
7760 2920
7412 760
4481 1965
7537 4696
6885 6417
2326 6364
6516 3286
6281 828
9385 1400
8049 2494
1579 3840
6720 6162
8619 4911
716 7524
7219 9731
6346 7517
2751 4990
3469 2946
3666 7782
5564 5299
2132 7653
2541 9493
8339 9558
7374 5810
9828 788
9143 8979
8366 2708
7777 9616
2736 6549
5518 6141
4881 7697
4584 8792
6401 531
705 5374
2246 3035
7837 4576
1501 5960
8782 8059
53 2257
6865 5472
6477 6886
2320 5589
9045 5323
1592 4516
2921 8543
2987 7607
7349 8148
9057 3887
2338 6250
1489 5092
6834 1589
4471 8077
7711 9919
6205 4050
1119 8154
8967 2038
6241 7563
387 5461
6802 9105
5323 1188
7911 1826
7782 6790
688 4037
7247 5622
3837 5430
2474 1
3477 8256
943 9636
3944 3831
6403 5554
4448 8801
175 6502
7223 6869
3424 6870
857 8665
7533 5813
8029 9894
2298 1363
1054 746
6247 3435
7095 1729
1521 5064
5501 9771
710 2013
9594 9884
3103 2128
7813 4668
8825 8010
8706 7618
2568 167
5859 3540
3664 7184
979 7213
7222 7497
5248 1132
7392 1945
4938 2709
6115 9092
6470 2906
7844 35
9143 9791
2617 2758
2878 6450
3472 7754
7881 7609
6696 3632
2975 7017
6108 2587
6306 2225
2321 1797
4323 5484
8046 3564
1965 9741
1265 1411
3279 3739
7368 5537
2467 7944
9218 7793
741 9266
9757 9721
6104 9682
1683 255
7333 2256
9616 4684
4577 2288
6344 120
9103 3366
4127 1928
8968 5886
9407 5456
5373 9849
9683 204
1076 4890
2807 3718
8979 1633
683 6792
5059 9873
5089 8468
1371 906
1928 4735
4227 6783
8508 3009
4189 4336
2405 2352
9841 9131
2943 4560
8635 141
5773 9049
7641 7430
8451 4321
6461 7145
8300 2590
9837 4309
7309 9403
5112 3357
8576 9114
946 7006
3665 1708
137 4042
5938 3164
1295 8964
4711 6776
2235 9699
5014 4652
2008 1450
4406 1634
2737 3395
8214 7737
5200 4975
8125 9371
9722 86
2505 7616
5481 7831
3481 316
2567 6482
6438 9336
1380 645
4437 4012
4881 1216
9103 6514
868 6072
9983 9047
9258 4046
6041 8168
1926 9930
1030 3774
2460 7995
176 852
9938 4955
850 9891
2364 5578
827 2457
3545 3257
4242 9576
5024 4731
6767 5409
3025 9664
9026 4423
6993 3105
8646 1290
289 8587
7178 3097
7882 7448
113 5842
8225 5549
1696 4787
9611 34
1447 5040
9805 6617
6939 6373
6858 4829
7834 7360
6962 8569
2649 1710
7234 7292
8316 8357
3355 4883
48 6781
8039 2446
9796 3458
6270 8150
71 9487
222 5759
2754 8773
9664 9233
9293 3220
8600 2358
6632 1470
3112 4552
3725 9018
4000 2010
8542 4064
6202 727
7053 3878
7874 9944
3848 7223
5263 744
8324 8025
8255 5275
6766 8035
8360 7879
1098 4402
4011 9681
6611 4180
5012 3394
3047 9083
7888 2199
7207 7412
9009 4656
1893 3870
4266 4226
1344 6765
9579 2109
1929 5152
2701 8019
9803 7670
190 9641
9617 5558
9775 515
8363 2131
1505 6664
6074 8783
190 4843
3328 2547
8268 8394
8420 5703
1382 7664
2369 4094
6830 8446
8464 9106
714 6423
4353 6122
2992 7385
8283 6232
8984 1986
5897 2053
7601 8453
5940 4304
4176 8659
3292 3043
5853 670
6984 438
1604 6726
9056 1399
5079 9259
2261 7938
8524 3785
2483 8081
7841 1900
7101 9869
9808 7018
613 8863
2000 18
8530 3191
7559 5798
3196 2645
9458 9443
1069 3277
469 578
9987 5
277 5009
2998 2770
3458 3629
8852 8404
569 8564
7551 7714
1411 5645
6834 6287
9828 1046
6893 2870
9798 9262
4024 9597
4095 3443
5009 8627
4287 6757
1593 7707
7120 6291
8359 9075
6277 6233
4785 2911
8910 5102
1541 5370
2684 3414
2754 2184
5207 9068
4468 6945
5211 7225
947 640
9792 9229
2664 6832
8309 8681
8572 7447
5694 4294
7735 2017
2739 5447
831 3392
4014 3180
1239 6633
9251 7406
1227 4001
1467 6054
9365 8200
7141 5918
8469 5753
2320 8086
2887 7646
5215 197
7888 8513
9640 8835
3101 4308
9217 9392
1651 7217
9552 7534
1945 2493
9895 4091
262 8847
2494 560
9840 7641
8009 2596
7897 2657
6956 1241
2749 6493
5601 6261
2885 9475
1610 4661
7889 2507
387 6025
7377 1688
2027 5372
6111 592
2900 8690
9845 6149
7498 6704
5044 1264
6274 3297
5080 4561
1953 9724
9320 6473
5885 6061
5715 7253
6238 1768
9829 5899
1163 6640
4958 400
5075 5818
8917 5236
2126 7416
7414 9927
2154 1674
3905 8048
2079 2610
8663 2841
6423 9703
8774 1874
1587 1135
1615 8
7005 5876
302 51
8298 3799
1556 6461
7787 103
996 3161
3197 5284
2972 7776
4284 2529
8500 10
6939 8277
6575 4101
9882 4827
1679 7155
9849 6592
3197 2934
2982 386
2456 5230
8256 1389
3408 4252
4080 6340
9945 7810
5362 7933
1536 9598
3486 8490
4768 4937
9140 7875
9457 3224
9554 2056
9369 1557
2761 2279
9377 8093
967 9898
926 4146
4407 256
3461 946
3326 595
2545 7939
5895 9950
1541 8763
4979 3143
2633 9029
8046 6074
3752 4243
7148 5643
3070 986
3245 916
794 9151
4188 6365
2722 2552
2023 1990
5882 1077
3869 9050
8491 6841
2656 5647
1139 3504
1881 8644
3651 2940
9552 8131
8491 3275
2021 8335
9968 7011
2170 7166
6700 1910
8838 8522
5814 5900
4437 8260
8458 1167
971 9367
329 5855
8473 7621
7412 4443
6552 4671
3212 6302
7606 976
5839 3813
1632 1972
2470 2
95 6639
1544 263
4524 1505
1157 6794
7886 494
8340 1568
4484 245
6506 7561
9810 8361
5560 8925
972 4531
785 5177
3235 349
9821 8664
5867 3548
5194 5805
3902 3780
8838 2746
6627 5901
7947 2741
6475 6240
5257 3261
7985 9997
2515 907
3806 2692
5766 2427
1067 7055
5809 2499
6452 9543
9864 8051
5122 5722
7330 4386
2276 9761
1696 8777
1824 3931
590 3657
8635 6758
6474 22
8380 2671
8103 4264
3644 6581
9186 8092
8683 6086
6664 8275
5077 4784
7735 6488
2780 4483
6852 4137
3533 499
5358 2474
517 7364
9258 5938
6310 4123
3413 523
4701 6325
3377 2554
345 3932
3859 9306
1731 8250
5068 3075
734 1350
971 8293
8670 3468
4828 9836
7093 6583
9205 8727
6447 6599
4864 2033
8184 3886
3676 3034
7299 7577
4794 3713
490 2503
7144 974
7239 1950
9893 7785
7521 1278
3341 2536
8742 2873
3263 4690
1974 7731
4000 7294
4836 7259
8890 2400
8925 5495
4715 9747
9561 4982
2984 5406
5641 4375
2505 5630
1235 2509
7443 182
3857 7195
2383 5477
576 4542
1346 708
7870 3350
9641 4877
3360 1236
6156 2076
573 7623
9983 5388
1651 8842
8857 2392
2754 7005
5888 5847
9221 9814
1529 7375
5311 4441
5035 7389
9514 5834
7834 1304
8866 3462
2227 6090
1447 2388
5382 9423
6739 5668
3520 251
613 6667
7124 610
6351 1763
8790 4553
6558 1615
1773 9236
6539 8132
1807 5093
7415 1863
2201 1017
9426 6220
2979 3241
6147 1540
8619 8916
1241 5363
369 6071
4248 2267
5874 7102
6893 8647
47 3172
106 2320
4505 2182
7023 156
1509 1731
7207 8732
9117 1166
9822 7095
5375 4440
6558 7137
9952 9861
5647 4713
3112 1944
3321 1940
5238 2435
1589 9982
1638 6695
4768 294
380 5605
6569 1603
6610 3428
2492 9380
3027 6558
5531 4524
9894 2254
7438 9514
287 9580
446 5175
8114 4489
7886 5387
1437 1419
8763 1008
2190 5762
6377 6443
6526 9846
8689 6975
6589 4603
9317 1116
1247 3529
7220 611
4803 6169
423 2728
1803 6316
9386 7211
5246 2763
4539 7758
3245 846
86 6262
5440 1447
5969 2086
3895 5165
8176 7264
3074 650
6956 7092
7805 8296
7854 6189
6875 6428
3770 4505
2810 8149
9198 7327
4079 8983
5821 4155
2955 9573
3650 2334
8052 9402
8500 6085
4974 2652
5562 2586
6593 9495
7438 5035
7052 3524
3384 1717
2051 4581
6441 1819
7645 9335
3941 4931
9684 4559
6549 7219
9069 7362
3383 9917
2989 6682
2448 3502
1975 8957
4381 6445
2777 6645
8990 5773
3280 7391
2862 1903
3456 6563
8739 5550
2349 7300
3401 2613
2223 168
2073 4237
5617 5056
6368 7226
8728 2700
1400 8913
4002 2062
7418 5034
7421 2127
1375 8846
4205 2181
7184 8174
8347 8523
2530 3377
8725 5617
6929 1065
8567 2781
5785 6164
5890 5229
2716 9570
6856 545
9751 2332
2905 731
3406 7326
2069 2969
9377 4428
2531 3069
3975 7513
8851 7937
5877 6312
5940 3827
4520 7888
3102 5803
4933 2311
6972 3671
1836 488
3356 2088
4437 4476
9914 9593
5238 8553
147 8527
8782 6087
4089 1053
3673 9019
9417 2351
7027 7084
190 2732
264 6341
7403 6166
9884 1699
2676 1028
790 6200
316 9154
562 5059
5408 1060
9983 3835
3732 6295
7834 4591
222 3972
5227 8987
5405 1528
2788 7500
2844 7127
3112 5180
3504 7580
351 7376
1627 5754
1449 4992
7166 5706
4205 1632
981 8592
9992 2653
6463 7734
1059 758
9421 6103
3524 6973
4345 5600
3266 8356
9317 6185
311 3661
4922 9104
6659 9404
8581 486
2704 3002
3132 1203
9635 2515
2375 5018
3644 3778
4744 9991
8990 2039
3701 6736
9338 6916
4559 5499
6462 5358
877 9432
1957 6974
9350 7477
2896 1698
1936 4248
8587 6769
675 7634
2603 2055
9950 7468
6241 8712
8189 1146
9959 7562
8137 7461
4299 5334
1901 5269
5736 1621
4773 9166
2294 675
8493 1367
865 6137
791 1218
8520 924
4052 6297
3606 9855
2579 1788
6463 2520
3722 9136
1642 8032
2247 31
1760 9744
5788 3903
7642 8216
53 4635
7253 2222
469 95
4630 3217
9907 493
3842 2460
2815 9086
5963 9468
1494 2451
8283 998
5759 2783
2543 9810
6581 3815
8533 1689
5916 7863
2195 2937
48 3625
5267 3360
4239 3704
1371 1618
5903 6379
299 6706
8109 6625
9004 4328
6808 2393
8576 237
2072 5976
9958 8127
90 8534
5725 6041
3003 697
3062 4110
5877 4528
6010 8365
8083 9182
3413 2230
1096 5033
6434 8882
3769 4085
4194 6834
3869 919
9744 5929
7190 5721
4904 1998
343 8580
7095 1340
1642 8452
2494 3119
8822 1457
898 3208
5375 6853
4143 360
4785 8671
4821 4818
9560 627
2761 3550
3606 7132
2736 4157
1726 2676
2893 1511
9594 4700
3382 3202
3334 1718
5177 3200
4899 2331
6463 3592
1659 599
1221 2959
8809 1049
3646 7668
9205 6212
6305 9952
9321 3147
5338 6535
5046 1601
19 3727
9039 7564
2527 4537
2091 9954
4211 8069
8520 4143
8707 181
155 9847
4062 2081
6149 3806
7436 456
7382 2293
6908 9551
6948 8291
6310 346
1139 2925
857 7293
5940 3789
9893 1109
8957 4733
8809 7205
8327 8931
564 8636
2216 3956
2371 5511
1591 7435
6244 848
2456 7821
248 6497
5297 6866
347 9482
6999 1280
8225 3958
8400 215
8317 9513
1577 3239
6041 507
5680 7541
7152 6406
4758 2198
2015 1140
5317 9806
149 5202
7998 9058
7201 7711
4937 8062
9049 1357
5089 3998
108 5169
5292 4878
3423 6618
5793 2943
3754 1609
9228 9783
8950 2523
9354 4292
6609 2933
7170 419
9227 5441
7734 2500
7052 8352
3125 559
2342 8383
4749 597
1960 7679
2112 3643
9789 1905
5052 2132
5690 4477
2600 3068
9898 5826
4826 2374
58 3280
9422 9706
4763 8766
3273 4258
9966 9113
9709 5327
3533 7744
1433 4219
1560 5892
5373 9931
3639 8205
9049 7946
8049 1235
7787 9364
3848 943
2424 4073
7242 6077
2094 2830
7191 3557
1156 6941
4119 4701
8242 4349
3841 9096
6625 1988
1989 6134
7144 3323
5880 5260
7817 2945
4540 851
3134 2779
2554 9445
2056 2139
3321 9793
4712 4836
8021 6100
3406 4163
2023 3676
2671 1107
1588 9359
1572 9621
9751 6034
7154 3088
6517 1182
9271 314
4504 5068
2862 9998
3842 1629
8002 5190
5554 1680
4507 2640
9945 796
6827 4775
8881 2707
2886 8028
9203 4913
5114 6991
90 2103
4546 6465
540 9256
1263 3025
5773 1550
1746 9126
469 6228
5957 850
6959 5044
4342 8276
7694 5927
686 7433
1295 5479
2982 305
5372 399
7929 6383
3502 2771
9731 7267
7137 5862
6949 9984
8248 7613
5809 4320
9361 6967
9789 9293
8848 2602
790 593
6577 5681
447 1785
245 9976
441 2530
3771 8970
7421 5738
534 774
1991 5779
861 1100
3313 8089
7303 1054
3086 7269
4098 5079
5995 4771
9045 325
3452 9056
5230 4917
7738 1459
3194 8433
9428 5594
8109 5289
5194 6997
9722 1860
9990 489
7690 6966
1008 975
3505 3787
6444 996
3374 9431
5201 8638
6937 158
41 6300
2027 8544
1133 5478
3573 9298
8151 461
9109 5247
3664 2614
299 1476
4839 6628
7382 6374
2892 7851
8990 5967
3309 5567
7547 5654
9173 6632
3567 5328
6143 6059
7918 4251
9003 8952
2704 9353
899 7841
3536 7682
7497 3714
1577 6284
8318 2200
5023 2775
2360 5500
2816 1560
9970 1201
1693 3330
6549 7568
160 8270
3946 8364
663 504
8147 7254
108 6686
8831 5696
1851 6775
4923 2260
6924 2854
70 4571
9890 8765
7470 8703
7918 6957
9321 8228
6284 7673
1020 6825
5572 2624
3567 3974
4147 3726
2921 4824
1768 7380
6773 347
1026 8630
928 8574
5686 312
970 3934
1174 2052
1493 2548
6164 4781
4753 6888
8445 4887
5443 6874
9970 1869
20 880
4010 2804
4173 9273
699 5871
3306 1493
910 9054
5238 2821
211 150
8138 5599
4027 198
3842 613
2975 5920
8857 3637
8235 4239
8491 1177
5756 770
1520 9098
6625 4220
606 1088
586 8525
6253 984
4450 1645
790 3587
1133 5104
9263 4530
8665 9704
63 3041
5816 8269
4050 7025
3836 1933
3303 4382
2918 2766
6866 213
1836 723
5700 8604
4768 9696
115 3506
8733 3233
3343 8000
3088 9389
4245 2498
4918 8793
7892 7552
2641 8542
4803 8850
1103 9303
6598 8805
2129 1488
2420 9363
7030 6304
3098 1276
506 2314
3232 2514
2496 9451
6831 2800
5744 9373
5438 1050
9893 3358
1067 7922
9196 1458
2431 8633
4876 3576
534 6011
152 298
1398 6191
5660 9508
5788 5926
2552 2895
9239 5659
372 7096
8979 1509
8539 2087
6138 8815
7293 8535
5657 2479
9608 6301
7663 332
9788 3574
7560 3095
2912 9009
8728 8551
865 1784
3191 9304
1024 6993
5445 3950
8980 115
1945 1217
203 7247
340 2434
4602 4961
8679 5909
2008 4624
9269 4307
4962 4298
8824 3525
4758 6779
7114 8097
8025 702
3981 8288
5810 1770
3383 6174
2241 5769
9008 1336
9753 9325
9664 2134
3967 8561
7674 2040
9479 6196
3860 8936
4107 7114
7813 2560
9744 3966
3699 5887
5508 1198
8551 8767
2090 9283
4192 7979
6354 693
2974 5492
1525 11
2039 5022
5874 1622
2077 1129
726 6505
3354 7878
8762 5296
6128 2325
7467 6605
1969 7286
8286 5354
3627 8495
8871 9112
3625 3032
1226 632
298 8994
3748 2847
6232 5127
1545 7751
3269 5458
3337 1953
3844 5869
441 4368
3869 2827
8679 2063
6660 6268
8120 8258
7839 7532
978 764
64 2364
7561 4454
4308 1991
2707 89
4626 1285
8629 5350
3513 2762
3749 7594
1163 4565
8456 2659
2521 8869
915 7056
8771 1951
1944 9686
1545 6509
3397 5167
2941 4232
6316 4663
8402 1984
4135 366
3343 4186
8002 2695
96 8435
5913 9250
8785 572
3119 2923
191 5861
824 1096
3144 9923
7998 2489
7732 5538
7521 7677
3938 1773
590 703
4786 1893
3151 3104
8249 1108
7492 8087
5846 749
6549 6506
3613 1269
1698 4522
4178 6474
1084 3440
353 3296
6413 3899
8530 8207
2101 6970
7930 13
1643 9241
5571 8906
3827 4943
6514 9608
643 9947
8298 3708
2287 4487
3873 2275
1859 1494
6704 339
2697 4271
7172 2512
4216 7635
2896 7631
1991 8751
4703 1737
3946 6080
2999 8976
2341 3225
4241 3192
5428 6570
9898 1136
978 7129
6323 7582
9671 3608
93 6453
7182 9091
6581 4509
9056 969
3810 1677
824 2375
9740 3851
1945 371
2531 2000
1721 8500
3741 5313
9759 5449
685 692
3769 1642
8945 385
3850 2115
1777 1152
4454 7539
4857 5720
6244 5423
6841 5181
191 1917
8893 4131
2284 4867
6632 5998
9007 2691
988 3170
1489 6238
8111 1738
1816 345
4204 5468
8706 3730
830 8252
7690 7894
556 2510
5397 4536
5080 9189
9050 586
4327 598
6610 1929
7807 7555
5070 2466
679 2753
2655 7746
2135 4410
5340 5770
7171 9701
6323 1000
4704 4948
3160 2049
4566 3380
4357 8726
1544 4532
7568 4692
6463 521
9543 4704
2027 4425
2577 8022
8400 3272
7100 771
4029 806
7144 7803
5554 1750
7929 8280
3543 1208
6447 242
5924 9788
5980 3649
6431 9142
480 5445
9369 1853
6581 7685
6630 816
9708 9602
8968 2186
3350 2269
301 8556
523 6227
5342 3832
8864 6791
3379 6089
6957 1073
8146 4541
7518 5995
8010 1514
9045 2972
7868 6611
1801 9644
5069 1872
6117 2780
4315 5994
3129 5004
2027 1328
2777 4357
9099 2689
2874 2609
5435 6678
626 6839
7256 8688
5806 6273
1524 9815
4868 5304
3402 5335
2167 5015
8499 9981
2921 232
1411 8586
6006 9365
5236 3425
1811 2658
8981 9307
3820 7921
750 2423
2999 8839
6472 5530
9364 4623
4482 2788
314 9429
3059 535
5702 654
8115 2836
9575 9294
5667 8652
1250 9028
6693 3527
5924 7745
6574 2028
3728 7898
3620 498
815 6826
58 7519
1521 662
5080 4034
8377 3642
8410 6053
6830 9100
7038 2635
8318 3359
5656 1975
512 6251
7136 3862
1873 9148
5549 728
1349 505
9502 4223
1377 5082
2447 8213
1919 3249
4293 1477
2538 3169
5162 933
2725 3121
9603 1268
7763 2467
6384 2317
9616 2527
170 1227
5675 8237
3247 2772
7708 1346
1316 4033
4491 1820
368 2188
5037 5883
126 3281
2496 1206
8621 937
8265 3177
5913 4106
2845 1150
3054 8878
9514 7806
8954 1691
1300 8854
4592 92
1608 8466
9799 2345
4948 9177
3307 1996
3392 4525
5323 7941
545 9496
8990 5656
8426 3687
1533 1301
7755 8402
7596 2278
5963 3067
1505 3415
4210 6337
4297 5893
944 6215
9840 7699
3150 5987
7748 1976
6972 7920
2324 821
6324 3794
4253 1656
6548 5515
7559 7244
6761 3978
6675 7396
9250 404
3926 5653
1593 3335
6517 7845
1575 3052
487 8393
9193 2322
3486 3199
4368 1462
3698 9639
8683 7021
754 1938
5919 375
6966 8923
3723 9777
324 2093
8253 1094
757 3453
2046 5807
2821 4997
2167 4214
1950 6545
3941 2686
6580 9787
4278 7770
6431 1124
543 9080
5434 7235
259 2377
4045 2242
8656 5948
3362 8631
7124 9748
736 138
787 4365
5741 4168
3245 8308
8184 2430
7437 1652
9744 4206
454 5341
9603 1982
9625 8824
8990 6485
1810 3582
3245 5062
8885 9541
9556 1783
6488 9725
6053 1174
4954 8911
9494 9021
675 9792
8895 2156
3305 1654
7071 9227
5609 4417
4516 8914
7464 5069
8945 1925
8041 159
5062 9655
2816 1118
6149 5415
791 842
7085 9665
5631 2089
2952 365
4293 7438
6758 7470
3307 7031
8776 2799
7019 5517
383 5895
1177 2091
7048 1834
6645 5561
2736 705
3523 7998
2803 799
4102 5619
9786 6840
4260 3214
7083 2180
6187 3791
3079 7870
8214 3696
5037 5792
9195 3303
7769 2795
4062 7706
5111 9964
5670 9434
7258 4326
4723 4914
4923 3583
4045 6260
1226 2557
863 5421
7206 9390
5391 6351
2076 6713
8866 3604
5743 1434
4408 4169
8151 8400
1550 4985
3402 8359
7096 4728
8471 7273
3272 3618
5447 6190
8242 4185
3094 3768
8960 7130
5503 3619
1043 3311
4639 9871
2455 4389
7029 4446
8073 8078
4569 3742
8917 3102
9281 8481
455 6542
4862 3601
2030 3731
6031 4203
830 7834
7640 8503
4251 6564
402 6095
5212 6938
7755 348
6067 6922
4634 1920
8714 8761
2769 7047
1608 3256
2799 8381
703 2333
7840 8064
4205 4548
3159 6522
6664 1427
6659 5225
81 3838
9069 8641
3901 1330
2100 2485
3353 7275
4801 3399
8607 7423
387 8107
6156 3898
6289 1732
5679 3802
6644 5386
2785 3944
21 794
4110 3691
413 1059
5906 6637
5906 5680
6506 8386
6569 3276
5670 7108
4554 3253
591 3969
2631 8675
4022 6830
7217 7960
9399 7202
2754 713
9560 2470
8689 5140
9271 4494
8398 7977
3603 2719
314 8549
5665 8184
6886 8448
2710 7479
4451 9979
99 9484
2791 6051
3907 8711
2131 4803
9608 5548
2502 402
8578 6541
1681 8607
1305 2270
3466 508
2848 3814
8014 4885
3144 701
390 8749
1957 8981
1699 3086
8796 8114
808 809
8602 8201
9768 3004
1703 6917
3112 4938
8399 9209
9464 9143
707 9295
7303 1823
1990 9736
2090 4778
3383 2034
6871 9586
3300 9619
4911 7766
8809 2482
2478 8367
8796 3712
5942 7324
8040 6649
90 6703
7279 8871
6232 3655
5549 3300
978 4852
732 2748
8720 6717
413 5815
6856 5597
5370 1024
1301 3786
6610 4002
1663 8547
6387 2872
7357 2476
9502 384
4864 8431
6758 5222
479 7786
548 7925
4128 8423
3954 4706
9260 951
6839 7691
2505 3091
8072 2384
7389 9433
5313 1792
7380 9001
4712 9197
2700 8623
1854 8472
5834 6977
7771 5816
8941 5652
2399 5728
1960 1948
7836 3171
4018 1387
9884 5324
9731 4809
6257 1326
6739 9853
1442 2101
5179 3304
1642 5843
7433 7106
5705 1465
3454 4515
324 1255
437 4681
8283 4954
8720 6755
8297 16
5546 8192
5277 6984
1692 5132
4424 3911
9051 5368
3524 4800
3374 9584
1670 4331
6922 1653
9753 6136
2064 7525
7697 3700
7041 9996
8411 2357
888 2290
8467 9726
4216 5683
5055 4848
1974 1723
2881 7121
5617 866
5656 5718
5190 2190
8698 5365
9616 5403
417 1455
3146 4680
9305 6499
2522 5408
8339 1671
9924 2704
9676 6354
5289 7421
6000 2422
6508 6447
5172 6148
9210 6372
8042 7449
5232 7762
8321 8009
3483 725
9802 6852
4899 9489
4504 8538
7362 1909
9380 6248
7382 3307
4538 8568
3081 7110
929 3113
1802 5105
808 3367
1596 293
7776 9738
6244 4055
4499 6950
2615 5497
4758 1644
5140 9647
4552 5232
1951 8267
6848 863
6405 3368
613 5109
6701 239
4862 7109
3109 417
3047 2307
7483 9666
8018 5829
4840 5529
2639 7231
8893 3760
1310 3312
216 1408
8899 8799
8663 2996
1257 48
1678 5356
3840 8933
5943 4905
1174 3062
7035 9651
9753 3889
1828 5523
9397 1052
233 3126
892 2248
9245 2002
2321 8679
9216 6523
9603 7338
2443 3881
3535 8255
21 6444
7109 8251
5656 579
5227 1133
2643 8111
3504 2963
3670 4372
4947 9992
1742 4944
8205 6427
5429 9683
6514 2742
773 6999
2633 513
8303 9127
586 4912
8410 683
7115 1364
2407 5400
1382 4134
6579 2239
7042 9411
793 8502
6586 7024
3496 3798
5017 8622
6765 8666
6549 9122
4954 7198
233 3763
7623 2842
3752 8705
88 3860
7349 4830
4395 3906
1869 2668
1454 1018
6000 6921
3516 4272
4349 5122
8663 3197
2668 825
4143 4527
4399 4270
4932 5267
5842 5126
6859 9065
4448 3016
3698 1811
2734 8695
9515 751
2541 44
7391 3927
7691 6849
7919 8226
9571 6949
4496 7196
7753 874
701 9956
3263 6264
8965 6391
830 2079
248 1855
1625 8890
4947 247
1876 5552
4980 7136
3302 7460
7485 8099
8425 4983
5542 4224
7258 8829
3807 9135
9422 3570
7868 311
3399 8901
5187 6544
4420 7207
7333 3426
9057 307
9890 7537
5260 2178
8920 341
2762 6587
5920 6075
2905 5978
6186 5509
3613 3721
9050 5745
1386 3942
2191 344
3087 7882
9667 9032
4468 8720
793 5103
2541 2698
824 7614
3025 2179
4539 7593
5652 3313
5525 1416
2912 3542
3638 1175
1529 4797
7593 2153
8647 2068
2187 9936
2230 3663
5806 1827
812 6209
8023 5231
8250 4789
2567 6276
8520 1856
3975 8748
3556 823
6673 4648
5730 3019
5558 5971
3799 5641
3804 7799
5641 5981
5627 2565
9306 2935
7881 8103
5822 1531
844 1564
3552 6909
2014 7072
6149 2064
9385 7579
3247 9358
132 3951
4712 248
2827 7252
8467 2724
9731 9350
6121 5439
4985 7403
9464 6810
2584 4333
8543 4451
2838 9316
5366 5251
4733 6378
8044 1883
504 2693
7475 1297
8111 6677
6422 6569
2023 4664
3061 5501
8766 9437
5468 4126
2732 1575
3247 2711
9630 6720
9948 2447
8049 6358
1664 1337
1689 6410
1596 6402
5273 4314
2285 2346
2900 2850
4381 1074
6243 437
655 7820
5535 9076
979 3868
2174 3500
4076 9521
6503 351
3805 331
4545 4699
1213 2163
2761 6042
5684 6697
6468 5752
1772 3937
7478 8065
2697 7331
8371 4435
1141 291
1133 9695
4461 487
1177 540
1722 5747
7754 4265
9138 9170
490 7083
2387 1091
2995 449
3521 7349
4284 209
5226 6441
6683 3688
4382 3145
4625 1964
9067 1356
9391 1892
8669 5135
3954 2896
9050 5702
2064 9245
9224 9168
9038 8776
4297 8509
9257 689
8555 4822
7279 343
1424 6652
7198 5457
5885 9356
6206 2271
7120 7492
1882 5351
5619 4643
7628 2815
2777 2611
8339 6206
7584 8115
404 789
3884 845
2281 8302
5903 3061
9929 9128
9067 9717
6497 2249
2541 5145
65 4859
7734 9414
4901 6481
8652 1894
6686 8209
6554 3064
899 4383
4308 6923
9659 3589
192 6237
1760 3347
4987 9535
3485 3541
3063 3841
9156 3839
1945 7913
4664 4921
7504 2823
2492 2643
7478 9862
9053 3986
6075 1846
9743 3274
5297 5919
7206 5621
3975 5049
5375 4315
7699 9512
3920 7989
2190 1704
5044 2164
590 8967
6604 8017
3741 2606
9902 5366
2524 1345
5617 755
3666 5837
7065 5592
3095 9285
1586 1516
8852 2919
4573 2391
4235 8257
7879 530
8854 769
5755 2045
5375 3093
4073 4927
979 2417
4336 1172
5190 8204
9481 416
2542 4777
5279 4742
9902 8477
3555 935
5062 1802
512 9987
642 261
9646 8180
9889 1193
128 9581
5708 3522
5951 1261
2914 1420
1576 491
9009 9989
9653 5130
1982 2208
6929 4385
2073 6722
106 9072
8123 9108
5656 6907
2932 3630
8280 9438
8841 1178
8226 4377
155 9178
1721 154
7844 9228
3477 8399
2086 5944
9874 6838
695 9226
531 9823
7271 9522
1158 1868
6211 1199
8347 5879
6538 3232
7318 4903
4323 2336
6117 3030
9440 1952
7213 133
5884 6165
46 3131
9434 9830
8895 5036
3573 1127
5037 8031
6672 1757
139 8698
736 1922
6804 5669
1521 4768
9662 5958
2965 2014
6944 342
962 226
2831 8438
8838 3512
5602 3298
2808 4361
7716 7949
407 7589
9564 4103
5005 1176
5266 6002
4652 5404
442 1772
1047 4847
1593 1414
5170 5930
3247 8873
6470 3397
7167 2105
3660 9502
7188 4142
2964 6627
8758 7824
9593 4176
2896 9016
750 69
1895 1086
1919 8464
1454 4538
8570 893
6538 6178
9808 8514
7982 8992
9964 2768
6463 9347
2802 3577
4396 2677
2882 3662
3243 1733
7418 7237
8690 3402
9662 3875
2649 6333
971 3141
8981 8227
2560 4019
2431 4404
5316 382
1516 7466
2795 934
7536 9271
5000 7662
4746 8158
1973 9757
3405 7346
4353 3980
2635 1643
5653 2031
703 5084
6841 2528
2167 6752
8307 6018
9836 1641
236 6537
7308 5012
1477 4832
2429 3427
6548 6877
8551 196
8653 5642
7120 9713
9340 276
8933 5073
3891 1867
5751 8467
348 6926
6922 3948
8289 7835
3998 7666
4557 1767
7761 6751
5121 9167
8667 3042
9655 8015
6217 9274
857 891
432 5947
1700 3151
8694 7619
5822 835
9471 7125
7656 5564
8148 1103
1681 128
7366 1534
1173 3929
5969 238
8174 5075
8299 1766
7755 8825
4210 6349
8076 624
8619 8780
3260 4711
4969 1974
2649 8629
1462 983
9820 8955
3469 3918
1378 2785
561 7763
7000 9607
6323 4665
902 1158
5466 1180
4548 1446
1604 2952
4556 7329
2975 2776
1033 6270
2397 1186
253 3509
2995 8056
870 6382
5725 3563
2684 7927
1721 4545
3019 5435
3944 4257
4376 1709
3182 1759
2761 9865
1869 4500
892 562
8096 8537
1442 9472
3245 3084
545 164
3464 657
5009 2980
2584 8117
8100 4421
4189 8510
8540 3879
930 389
2090 1684
4712 9856
5688 3390
3082 1626
5596 8313
6177 5066
9283 8197
4084 9563
6393 3207
1173 151
8085 4485
8472 4032
3862 1790
1447 616
5358 8893
202 537
6363 990
9716 3137
593 3536
9802 510
495 8904
6140 6824
8284 2095
4297 4813
7930 8796
1006 9279
445 9480
8339 3743
3714 3370
1892 2107
9620 8764
6693 680
1575 1274
6306 2750
2217 124
4442 7916
1020 8235
9755 7348
4767 8808
4507 7570
2131 7729
2993 9158
4947 2546
8037 4577
2984 451
4559 1942
4830 6978
919 6033
6015 2666
2650 1799
5073 8458
7760 5812
4602 211
1380 9455
2431 5520
5872 5682
6810 967
3321 6634
4857 1125
7140 3622
946 800
9684 5170
8924 786
1987 7805
6848 7608
2681 7325
2464 7358
8639 8366
3284 1987
4892 9568
5287 7826
8210 1137
9953 7093
537 7321
1081 7189
9364 9150
7133 555
9009 5186
9419 4976
6810 3888
6638 3499
6145 3960
5616 2243
2975 9164
2375 453
9082 8616
2981 4872
1281 5101
7141 2159
4462 7818
2695 7978
5313 3869
7965 7418
8109 4381
1384 9008
9103 1791
8041 8411
8587 4620
6953 2340
4932 3448
8959 3882
6539 7057
5540 2431
367 9874
1882 4496
8358 519
3103 638
2652 1472
6516 9688
5055 1042
7563 930
2807 5525
6415 9672
7150 604
5471 6616
5800 1449
3861 1765
1614 6037
8069 5559
946 1637
8978 2250
4690 1544
181 6062
6410 2462
6998 6093
494 813
2220 414
4232 3412
9461 6366
1041 8170
3869 3905
6236 9043
1125 1418
1414 8770
552 6676
8910 8752
8656 2637
1844 3185
5313 7176
3210 8055
7222 543
7094 8518
1572 8344
8078 5625
5885 1743
655 2555
8924 1324
2834 3656
413 4102
6956 5857
72 9267
5885 7852
2450 8320
7645 8656
17 1191
7527 9850
5296 3006
103 3940
6766 3561
3744 396
3644 9235
767 6298
2100 8605
316 6094
8936 231
4795 3419
7121 4804
7385 7991
3564 8298
7141 7206
9016 8437
4923 9501
7625 1647
3770 7140
4484 3109
9245 5555
1035 1275
3235 6521
7645 3155
4746 2769
6803 883
9641 9844
3469 8978
5459 178
3566 3420
2009 3585
1084 3922
1100 1250
5723 1249
9335 6201
4893 3008
3579 3865
469 8016
8103 2907
8189 463
9565 3610
7020 6513
4582 3328
681 6512
3859 3369
7003 7605
6547 1753
1521 4840
8505 5922
6284 444
1797 1993
3059 4717
5755 8379
7610 3288
7972 6235
8866 7014
8836 4394
2676 9011
103 8548
1570 8249
1625 5373
1627 4392
7911 7278
2001 7428
3512 7015
7561 6718
9365 3472
6361 8315
8345 4833
672 9260
1888 9517
7252 7643
4767 5881
8753 5891
4479 6721
1140 6420
2000 9152
9799 7323
3770 8483
2675 1789
6176 4022
2740 4332
3753 1032
7061 9416
9205 335
1501 1456
6340 3599
3650 5972
8666 8143
4173 5436
8082 7811
6486 2406
3815 9675
1318 8762
9561 6226
8683 7968
4946 6121
1005 5710
4952 3952
9970 7250
8409 428
3564 3765
9740 9770
9369 6043
8725 4801
9894 6693
8102 3933
8827 2661
5119 7943
3564 1913
1748 9646
7469 7374
5542 9255
4554 4752
9049 6186
6463 8725
4210 1876
1588 9471
7984 5394
7515 6532
3387 9222
1496 5045
6067 7074
4893 9697
3144 3537
1763 2951
5692 7508
5602 9749
1098 5240
4315 8189
5328 3451
1389 603
4979 1829
9328 8036
8805 9077
4818 793
515 4282
6053 7784
8233 8074
5980 3117
2251 9638
4014 2862
7945 1565
8997 5100
971 8068
9422 7370
510 6760
2566 6961
4545 9344
3521 5627
6195 4054
8888 7505
6493 4348
5282 1165
9380 2268
2629 5206
3946 3132
2721 8811
6252 7200
9980 4112
4712 8057
4239 5982
7815 6588
2516 1334
7223 4835
4353 2651
7869 6371
3321 1171
5821 6543
1300 2955
4392 5767
9616 1921
824 8318
5557 4198
2855 7104
7965 9626
5193 6614
5859 3266
9818 1715
7592 6411
4507 3465
750 8328
8130 5285
4812 7749
1026 4344
6741 7153
9985 363
5558 2826
2527 8327
8837 7032
8054 9811
7219 3271
2691 107
7485 7171
672 495
8347 9895
1035 9497
5142 7794
5731 3215
6514 3567
1141 6170
7896 1252
752 4199
5522 4244
151 5306
8619 1499
3673 4793
6912 7383
7060 6729
2728 3282
1659 9591
2984 3997
6337 2939
9652 733
672 5618
8951 573
4484 5332
8006 4986
2170 2247
2465 7065
2707 9121
6410 5711
5297 7874
1648 9055
4674 7088
9078 3055
775 5450
1143 4353
3248 8212
6930 4966
7855 1333
3510 5125
2707 1126
899 849
9773 1584
6348 9834
1982 9324
1829 1572
5744 8285
7601 556
9873 2140
3354 4086
1450 7952
4089 1219
3262 704
6141 9940
235 5675
1568 2751
593 1034
17 6020
8968 4741
5141 9520
979 1804
8255 7150
3657 4363
9594 2073
9505 8307
3168 7425
3806 1368
8464 3123
6081 1040
1936 7334
4835 6538
4142 6244
3000 8186
2527 5715
7154 8625
578 7387
5994 2883
4963 1130
3561 4330
488 1386
5973 7518
5783 8817
437 8061
2565 4971
1934 5005
5871 5399
6966 435
3475 6414
9894 4154
5040 8834
408 4906
692 2716
7568 4462
7332 6746
5510 3511
7356 6670
8018 9515
714 7193
1905 1815
6080 9966
4300 5283
3404 4744
2751 9720
1136 9949
8516 4970
6929 8634
5156 68
6935 7886
9964 4338
4143 1288
4127 1726
5498 3877
7422 9398
7584 9202
543 2944
8871 2816
9019 9663
1824 965
4868 9550
9129 8649
1944 1413
1457 3896
4641 5928
1271 4172
5824 2168
7891 3597
8415 4291
1532 2866
8908 6802
8399 5124
6817 3403
7836 894
9474 9238
6666 1076
6660 6919
3570 6117
7745 2224
6964 3160
5325 3581
9400 7902
1670 8615
95 8554
4552 6828
4424 2950
5963 5865
6118 5217
7453 2066
7193 5872
5792 8042
4987 968
3735 5489
1680 8786
2174 2912
8391 7512
1379 5268
8780 7183
577 7280
1586 1366
4471 328
2798 4598
3564 61
8083 9625
468 7747
4734 2024
1533 5099
6047 5414
5577 1956
8689 9310
7067 4369
2606 26
699 4322
2354 2026
4228 8281
6287 1878
665 4923
4734 1630
6927 664
8682 9308
3010 6948
3973 1526
7218 9659
3402 8898
1662 7036
919 9374
4942 443
5229 7808
7750 6925
8248 191
358 6573
2191 322
4643 706
7946 6799
7547 8476
9575 8391
4058 4438
8847 412
89 9890
3857 9440
8049 8838
176 2665
8618 1582
2390 6091
6110 1524
6387 4881
6955 4675
4107 5255
817 6715
8021 4750
6848 4167
750 6124
4300 6435
7497 2129
1604 9866
6549 6472
7398 2048
8088 5750
542 5787
6343 9778
1477 5111
926 2521
4699 1262
140 3324
2452 575
5069 2412
2112 8310
2517 4610
8871 6539
3773 5543
7515 8512
8415 5730
2364 423
3003 5172
433 5321
3109 2550
4507 1265
2064 6396
8297 2283
8375 3219
9044 3984
7201 7973
5498 1835
6645 144
7981 6898
8247 8730
18 303
2262 470
5129 9702
160 21
1111 7676
3187 5118
7930 2973
1893 6988
3399 4432
9093 1058
6661 7442
1630 3265
9591 2253
9644 4757
9287 8130
2136 7574
7470 795
3448 1491
913 3454
741 8929
641 4242
713 1471
9393 6003
4792 4379
9907 8958
2089 7800
1132 5048
1292 8560
218 9130
9069 8137
6149 8849
3293 1111
6644 6469
3827 1896
3975 2737
6284 970
2855 902
8837 3337
7421 4048
4690 1212
9468 6308
7170 8336
8126 6309
3625 9094
9604 8350
5429 3334
8498 9270
358 4601
4609 7817
4728 3641
435 5677
177 3559
2492 5179
628 7897
2308 7476
1005 8651
9293 9265
7121 7804
3685 364
6987 3382
8753 4245
6084 2615
7799 4535
5416 7420
7083 5889
3 832
7561 1466
270 4405
6239 6688
2956 9037
3874 8598
2300 6912
441 6644
6588 2884
337 7038
6971 2425
2339 8662
1841 674
2263 564
1661 1482
6849 3890
9253 6135
6875 5961
6645 7947
203 7726
8980 6055
6488 8879
1474 7366
1950 1090
2131 1879
9786 8443
7528 1372
8459 9301
276 7063
6514 227
3315 4646
4906 7450
1918 5038
5786 1438
8402 9877
1390 3593
2198 5134
962 8101
7638 2797
7263 258
285 6636
5757 8611
5548 8234
2260 8007
2067 8203
415 8654
1368 3936
4734 6344
3189 9872
7576 139
3966 9144
9089 4740
9417 4573
620 7352
4987 6881
3547 6771
3452 736
8025 5827
2202 1612
7388 2440
3025 7201
8178 6674
6162 8330
5938 5606
9143 6101
2394 938
1870 7956
4467 9519
6514 3924
2489 4519
6718 1489
5768 8142
7787 3383
7231 7844
2397 2572
9025 1751
2233 7262
1940 4856
6086 648
9417 7891
9716 6694
979 546
2463 454
6326 9187
6890 6931
6924 2566
9974 5032
6340 3228
5967 9010
3918 7584
6515 2575
6333 4908
5975 954
3687 6770
6380 333
6269 2284
9233 2549
866 541
1321 4613
4073 6531
6382 7709
8498 4730
5322 9677
8368 5790
9029 3152
2603 4689
8939 5244
4725 7304
2647 5666
8694 2194
5919 4009
1545 5612
2414 101
4946 3110
178 7858
4345 8475
8956 8169
6034 7220
6101 7308
5015 3373
2838 75
9243 3694
8968 5384
1486 4415
5358 4119
3958 4453
5963 5338
3001 7917
6395 1761
4669 9645
3552 6345
4602 5173
5429 243
1992 8897
5286 9492
2896 7602
5452 2504
1343 3371
911 9242
5086 9060
4892 2396
4464 7710
7509 7687
9655 3991
3069 5300
3307 6910
4987 9764
3760 6049
8483 7873
8148 2687
2777 2999
186 5070
7511 608
3514 6154
8415 5234
4865 6147
6156 5220
1446 3572
4923 1377
8754 5196
7029 2794
1042 2976
9924 3646
2823 8023
6367 7210
961 5203
67 8369
7368 4811
5809 8409
5669 1857
6959 8162
984 7910
3209 7713
1342 5254
4809 4411
4306 6355
1048 5590
3958 9601
2934 6255
4674 6224
3006 8165
2496 4408
7879 7542
3145 1707
2608 6595
7609 7199
5973 1341
8872 5568
2540 7335
2342 2228
1091 8211
9467 6819
9029 8303
9464 9052
3129 5189
1957 7141
4679 3501
6046 2244
6309 7765
9389 1204
1461 5258
5452 2982
9695 415
6549 9789
8875 1396
4492 4633
8057 8917
4981 5204
5940 1850
1663 3825
8929 4250
6949 5239
9828 3883
3280 6419
508 3189
4448 5610
7034 5464
5707 7158
1892 63
8002 5598
7446 8507
1318 6010
5794 4888
8354 1543
2481 1983
5030 1960
7102 3772
4114 2820
1228 2461
4555 1469
3981 8382
417 695
2411 306
4977 9243
7308 2562
6859 979
8083 5634
8835 5308
408 2090
7841 9057
7018 6560
6227 1084
5428 808
3644 1485
1828 1311
3100 3558
7711 1294
3570 1777
6176 361
750 6084
6841 612
9618 5493
6347 8405
6416 2477
8517 1833
2460 9354
5315 4445
2454 5848
2578 1020
4510 7175
4627 1954
1024 5248
6578 4584
1414 7661
3612 7972
8683 6862
6758 7397
1173 4755
1002 6203
9417 2694
3197 3508
2521 7214
64 8153
4114 2634
9768 7767
594 3983
7812 8974
9826 1600
7537 8594
541 1110
9252 8122
5465 3850
155 973
1807 857
9391 4844
9786 8848
5631 2828
5938 8223
3451 1270
2957 5418
7474 1473
1146 3133
8939 3544
6221 9205
8256 6038
5609 766
1756 9026
582 8419
5487 3874
5445 2233
2855 185
8981 8027
6211 3729
3710 7105
4831 4739
8132 8384
4478 2023
9644 2960
6101 3897
1877 9351
4348 1714
7656 4036
8079 3400
6254 7357
6533 7596
7845 4666
7344 7333
3513 2889
4268 8454
3324 9559
5616 9993
9544 8110
6718 1803
2077 9249
2819 1939
6327 1428
3513 6708
888 235
5318 8680
894 1480
108 8585
9220 905
8303 6131
7414 5086
8779 8294
1738 8161
5766 9773
4056 4753
5046 870
8767 7462
695 241
7919 1157
939 7760
4774 7876
3377 3844
9704 5749
8156 2630
4906 552
8298 8339
8410 4732
584 4374
5429 5844
8873 1002
9198 2877
500 479
8075 5685
745 8040
7561 6128
3705 9916
5940 9125
9974 1222
2056 9297
7515 5498
2991 9808
8801 6133
4652 2098
6159 1503
1008 476
2783 5471
95 913
5728 7840
2779 8479
8083 3146
7976 6068
8863 260
9440 2057
3167 5620
8704 2022
4943 2669
4959 1736
2721 641
7391 1378
8154 1774
1555 4592
9485 5695
1047 1492
384 2444
5313 1081
4344 1388
8779 3938
8270 2371
2324 7312
5727 7899
1422 914
6900 1101
289 6449
2596 9452
4247 7520
1794 6918
5577 3014
3500 3683
4830 8521
1774 3344
95 7690
1054 1904
6424 3473
1892 3677
3709 4907
6187 1189
7409 4708
6745 8164
2044 8736
6514 619
1537 9540
2458 5348
5260 1239
6 3235
6585 2390
6387 72
8046 6339
4968 5051
2884 1155
6875 203
3734 3514
8294 8489
8700 1890
235 5337
5664 8108
1188 1966
8052 6370
1722 3175
9340 3820
2581 1063
6495 8155
7529 6642
7610 1716
2996 630
3505 948
6549 58
2329 8530
814 3231
2639 2060
9198 547
2736 5114
9380 8102
306 8819
7231 5193
6632 5821
9561 4776
2014 9207
469 5676
3924 2855
5133 8977
9717 6750
4749 7241
235 5090
3348 5542
8193 2282
877 7855
4481 8187
1356 3964
3171 9041
2452 3588
566 4957
7526 8124
3822 1561
758 868
1251 1739
805 8418
8635 8141
4562 8785
2329 9473
817 6234
2846 791
8814 7008
4407 9460
9950 4851
5948 6891
672 9211
2671 3166
5577 6440
7572 8140
2441 8575
7099 8304
941 8182
4627 6320
4180 7128
4609 3871
1328 2831
3534 99
1550 7678
2085 9287
7435 23
8307 6455
543 1245
942 217
2692 6307
5381 1725
4619 4893
6475 8541
2530 4540
8246 658
941 1234
5315 8872
5405 7652
1788 5019
5471 681
1298 5476
6025 3299
64 4021
3306 4074
5205 9769
6221 5023
5810 1989
1545 201
8095 2813
6984 338
3366 4231
3384 9199
5943 5136
2882 8946
485 3195
8908 2154
9377 4470
157 8426
2824 6452
8646 2579
9622 5852
3045 4762
4060 6363
4953 5761
8083 1711
6546 9447
4342 1214
4906 1681
9987 6833
8016 5014
3868 1192
7764 3056
7959 629
8642 2294
4468 1303
5567 5271
1621 8669
3491 2839
7941 566
7491 4173
4832 1335
3651 5257
7364 5640
5824 7283
1492 1421
7868 1930
8389 1430
672 576
3145 1585
3505 8584
2268 9206
8728 8094
3338 9382
3095 9630
2988 2291
7559 4551
6270 925
9318 8442
5073 6527
1457 4508
888 1089
8086 3819
6988 5870
9478 7773
3387 8240
8561 4746
1613 9643
4599 9349
9959 5151
7987 324
3711 9592
790 6310
6271 5626
9274 8232
1491 5364
8949 6709
1130 7842
8978 38
1341 864
9916 8434
8447 6329
6253 5672
8723 1151
4089 3361
4911 8282
1879 7424
1000 5853
1088 2303
5410 4158
7115 20
2566 340
39 4473
7769 8033
2220 9430
9795 7877
4166 8376
8500 5980
7115 9746
7213 8461
2600 1291
4270 9971
6639 5694
8194 4129
7506 3409
5518 110
8753 9118
1512 466
6628 8225
2382 3431
9859 3120
4609 2411
9731 4342
3402 3430
9890 3445
1226 829
8596 4014
3895 2882
8440 8804
2345 6606
4508 3901
7898 2487
2510 2531
1944 4814
3483 9003
317 661
5365 1687
2984 7503
6686 4247
3857 6491
8374 3547
9123 7583
271 7698
9863 3038
7166 409
5145 1741
4462 8756
4332 9220
3201 5514
7706 97
8151 3429
681 4860
8809 7684
4002 5398
4764 70
6025 2382
2239 3518
3818 4590
9290 7347
1681 2214
1883 6572
2551 96
4342 561
4110 3670
3801 9972
9575 1521
5315 4096
71 3517
5144 3332
6596 9067
2439 5579
4420 5185
861 6944
7639 7059
3926 119
1807 3842
3095 1205
9742 4865
8363 1620
8798 6360
7786 5698
7965 8317
3651 567
2889 1435
9616 3250
3145 1406
6180 1697
9640 8861
8204 2899
2503 4511
5810 4934
8266 6439
9485 778
1124 1022
904 4894
4941 8516
3950 5097
5537 6486
638 1007
7877 3270
1501 1961
4621 4193
9975 581
4140 2628
1579 1832
2328 635
6509 1432
6042 1213
6775 8948
9395 3995
5265 3724
2291 962
521 1624
5246 5692
7813 5716
2396 6738
1931 4256
2984 1433
264 114
6234 7045
6359 826
4342 2191
9281 9494
8940 2019
1869 6897
8776 1099
9293 892
1442 7289
2399 14
1399 3569
4602 9742
7061 2621
4503 1668
9365 947
9597 2863
6820 2207
4568 8856
7130 4920
2513 9442
6067 3485
1913 152
2494 4570
7720 5143
4301 2341
9813 2738
8967 9603
2387 111
2807 6202
5208 5528
511 917
8046 5809
5793 5864
8730 3923
8235 100
975 8590
4423 4707
5691 6584
9697 9499
9983 596
6264 3784
1572 9046
5498 267
8111 955
9686 1849
743 9192
2157 8567
4411 7829
1995 3316
5438 2338
5049 5854
8919 7728
5378 5740
4322 6741
642 2633
6417 4895
3311 7843
9444 9505
82 8678
802 7285
8621 467
5222 2359
3833 9955
7697 475
7577 7802
1732 4823
5730 8020
4194 685
4291 66
5674 7832
3430 8965
2846 1673
8353 9327
2517 9963
2135 6338
4153 4202
3741 9039
3998 5966
6887 6401
5864 9280
6072 5001
1638 1305
8472 3213
2038 4932
8124 529
367 3490
311 6218
9422 9694
3519 7413
3748 7035
9574 7079
7970 3000
9069 6878
7527 5563
4476 5420
793 2495
6474 6375
7001 7463
7739 1128
4353 2819
2530 6962
5882 839
6293 7444
8981 5467
9048 6903
7558 5986
7568 8128
6863 4616
9337 9000
613 7167
4133 6643
9909 5381
3284 7452
6159 8676
1965 4503
71 1104
7474 2097
1817 5921
2969 3205
9801 2914
1174 6035
5108 1795
6610 1598
363 7343
9674 3125
4881 7521
4021 834
9173 4105
3657 4870
6104 5098
4879 2111
646 2743
6502 3115
9293 222
6488 3480
1422 8340
1816 2887
7897 1282
9417 7919
1966 4120
1842 7373
7219 3523
793 6629
3079 2656
1803 4935
8796 1460
3431 5748
4423 2395
2218 676
6535 374
253 8529
894 3319
1447 3031
3076 1963
6343 9614
2008 4998
7469 4128
1556 3613
4969 7702
735 517
4902 8244
8978 7755
1494 8079
6807 5974
1604 8546
7914 6213
9895 2938
2507 4153
2214 8597
8589 656
5751 9732
3514 5120
3107 7789
4382 4715
5205 1519
857 8837
1501 9426
3436 5969
2542 4181
5088 3513
4437 3469
5052 9436
7267 3628
8109 4371
4552 3156
6645 7753
4836 1429
5301 1253
6808 4370
5478 9657
5619 5535
727 33
1051 9281
7422 7120
2052 7251
6159 5241
4060 6705
3078 663
3833 8482
5222 1033
7257 3103
7601 108
8898 2909
7499 4099
2145 29
337 7295
3859 876
6565 9735
3273 6551
8634 8704
7727 1316
4357 5575
8857 9995
5534 2004
2550 19
9058 4794
8001 7675
3614 6624
8908 2543
7417 8919
8973 8715
9553 8740
8066 7388
141 6490
9864 468
9409 484
9545 2922
2174 8380
8672 8744
2001 2616
1328 4175
2823 1549
460 1064
2157 6267
6475 5793
5835 966
9974 3654
155 4996
4306 6342
2614 726
6507 1023
9786 5307
9284 3762
208 3977
9978 2285
5753 3647
7993 6635
6478 8731
4553 4772
5719 4007
8868 5699
9221 1513
2751 2905
380 9470
6263 920
1211 9034
8402 4222
2391 6952
2736 1886
1433 4876
1836 4420
9801 5061
3149 4994
3824 9188
4977 7610
3966 1221
4062 8900
4235 3848
3901 3579
6194 509
6685 2646
6358 7958
1563 2864
3010 6953
1546 7816
696 78
2819 9372
3861 1663
5468 3222
3091 1692
4158 6971
3343 9902
1926 5707
3455 177
7700 3134
919 4683
4836 6990
5084 3516
5089 993
8711 8637
8540 7636
3179 9876
6093 7076
3215 3690
947 3981
3672 2206
2595 1036
461 3021
97 7905
665 257
6673 4526
6081 2173
5903 4043
8016 7890
8690 4136
5090 7204
4973 5934
1921 2005
762 5343
8753 3338
4881 6501
8182 9237
5386 7094
5037 7429
6886 574
2464 3822
1722 4634
1803 721
69 5760
4216 7371
5808 7054
6631 9886
1148 8692
1686 7565
8225 41
4464 5466
9473 8667
2762 1580
4850 4359
6722 6271
7411 5595
2603 4150
9467 2240
7214 1038
894 4963
9538 1719
2738 4397
9909 8843
3189 1138
9175 183
7144 6668
474 388
1071 166
2450 7149
967 9509
5963 7527
2890 2682
9959 9750
3698 6660
1115 4207
2056 4720
8491 7669
3297 4791
3248 742
2652 737
7765 2802
4107 6955
6956 6314
6540 9710
4210 1048
785 80
3823 2622
679 5990
6770 5875
7267 3795
9761 6739
2156 691
1789 5256
4686 5494
4769 7625
2993 8372
1967 6547
7639 8950
3969 5956
3247 2513
352 7629
1883 6204
7411 4088
537 4572
5537 1044
9949 6723
1588 3351
3159 131
6940 8876
2483 9466
292 8716
2559 1211
1318 3748
8516 5331
6235 3013
9463 6857
9604 5431
2575 7082
7088 8316
5806 5227
2456 6672
2579 8743
4211 4388
8661 7002
9690 2469
6110 2712
141 1660
7737 1500
6474 6021
5741 8392
8283 497
5688 1617
741 6258
36 3685
6080 4607
3966 3706
2928 1256
4832 9458
6789 900
413 6858
6463 8550
3144 7
3353 1588
253 199
8057 2508
6086 9264
967 549
5120 8962
8472 176
5192 4842
6926 8134
8718 2809
3162 5975
8809 8908
5127 8691
7198 2898
5797 7277
3406 6039
9553 1728
2056 4062
4235 3491
7470 5507
3047 9488
9753 8123
8041 4197
4911 5917
9227 2782
7144 8239
2013 5216
9310 5482
2251 5171
8959 8810
2973 7043
4790 2798
6124 5287
236 9299
6316 7464
9234 8687
8357 9124
6988 8729
2001 7509
3548 2373
6333 9554
1481 5616
4382 748
1422 544
5272 5607
5820 3941
9147 3963
435 4457
2154 957
6179 1650
9424 3602
3226 2558
2978 3943
6673 1080
4158 5808
5618 7514
7993 3598
1807 7787
8085 7454
1594 200
5045 4915
9558 8961
2815 1448
5741 5771
5619 4625
8826 7265
6321 5309
3567 8941
1792 2112
8630 9620
9708 9768
3390 7066
7421 9314
1661 652
6676 9833
2684 4640
6638 1787
408 5088
6148 3168
6501 911
3657 8493
8542 4047
1234 9961
3535 8440
3758 9813
7497 3436
4146 1382
8225 4864
7279 875
9417 1721
528 6471
8572 6996
8225 7336
9322 7638
5137 9990
5894 8090
7557 500
4954 3483
8225 7394
9589 93
6192 6476
3374 113
9299 4465
7536 2941
4533 2473
8127 4052
1164 6767
6919 3413
2352 5868
6494 2805
4462 1679
4363 7761
2568 4327
3758 1374
7493 2893
8764 2348
5405 4517
6847 7216
6719 8254
1257 9959
550 2480
3436 2205
703 8809
4916 5841
7440 686
4774 3153
8546 9648
7323 7432
7436 9116
2001 7173
4294 6900
670 373
1114 4609
9465 4008
5430 9680
6861 6433
2843 7098
3541 4213
4129 4995
2482 2926
4821 6171
7073 882
7177 3666
2541 3036
1821 2453
5658 5572
2896 2125
4752 7365
3107 5164
7418 754
8693 9578
7381 9785
3429 7493
8990 8342
3927 8621
3257 9123
9143 3705
8825 4125
8616 2442
6049 625
296 4761
3353 1329
9016 6181
4720 8217
5122 724
173 7506
8991 5521
1573 8640
8878 8956
5536 4845
2286 840
6165 4061
1416 6216
6539 7628
2769 9251
1642 4978
5510 2851
4587 4358
6596 9587
2448 3720
2843 6225
8363 2647
9808 3178
6798 6221
7766 4924
4147 7161
531 1924
9251 2309
9225 2350
8911 9214
1568 9272
9611 2837
6752 3051
4587 4072
6127 8738
6455 8012
2401 3492
4725 104
4773 230
6001 5071
9547 3345
7398 2202
8721 7569
7567 4837
6739 1113
6176 6813
3689 5992
2508 4439
8086 8985
46 7700
208 9892
7639 9069
9352 3826
6501 8657
4091 9282
3285 8119
4765 2183
3297 3751
2929 836
3454 6073
2227 4354
1517 6001
1051 2354
4130 9631
4231 3407
1915 8002
4585 956
7517 9397
9464 8151
917 601
7122 1658
3014 2421
5712 6954
9027 525
4448 3505
2871 3364
1333 8224
7041 7887
1944 8179
1816 582
3741 8619
2649 5375
9639 651
7056 5709
1644 3432
6426 4617
4124 1935
1593 3481
5376 6288
699 9700
9026 4334
9604 1946
6726 6985
4431 6681
8540 9812
8541 5141
4550 9933
3354 5536
8903 9988
2604 1497
9704 4263
8386 4275
838 2986
916 2297
5341 3374
1738 9567
3150 9711
877 3797
5386 7182
7271 9719
5180 3543
6848 1901
7415 3620
8453 877
9670 4285
9288 8278
7873 2302
3636 7064
7040 7337
7588 4
8270 8159
7558 4205
5754 9087
3664 8771
228 9794
7037 5339
590 4463
229 6032
5944 3264
1856 8940
1694 7884
5773 2649
8239 735
2159 2559
3695 4687
5131 3928
2720 5219
8227 7078
95 8060
5370 8653
6800 4341
4393 843
2058 4413
5788 2210
4853 4260
2464 8563
7171 5933
5701 4834
8311 7246
2496 8889
978 9845
4441 3279
9245 4480
5755 179
6842 9042
6604 4406
3336 6696
3406 5904
5755 85
3939 1566
5172 9907
2508 5609
6576 9448
9475 3764
2427 288
1379 8624
430 5562
4098 474
7493 4049
3692 4460
7438 5452
701 1724
9302 5013
8523 3659
7041 6710
5571 6780
2836 6899
5250 9658
3610 9138
143 8003
5224 2734
1599 9213
8322 4529
6855 2793
1228 6510
6377 102
3078 7560
7287 6016
2861 1115
7724 6915
9010 6656
6693 9278
6589 5736
9567 9897
8541 977
3308 1194
3916 4159
3833 688
6807 1701
5847 9277
5871 2998
5811 7742
9161 2046
9365 7344
2948 5789
7052 7411
2064 5635
9273 2251
3225 980
721 649
4842 4391
2735 6000
7503 2152
1655 7405
6487 5063
402 3379
3564 6675
4472 869
2320 7041
376 483
764 7538
127 4745
6212 923
7278 1932
5180 4973
8771 4068
4970 9566
5428 2403
957 1451
9373 1031
5043 8650
8109 6554
5502 6732
495 8385
1243 3290
4098 2379
8426 5417
1663 797
998 7459
7129 7644
1070 2315
5062 7029
2621 6192
8967 7330
1341 30
9850 6594
9144 4686
3768 9384
1176 1805
9587 9822
7115 4436
6585 6246
1409 1735
6570 6150
137 2292
5902 6933
4550 7309
2450 9905
5972 7441
6722 6568
4748 5679
8892 5411
2560 5465
2003 5128
4901 9821
2700 9218
1576 8305
7092 9673
1010 3070
1628 6576
1263 3464
2620 7862
8579 8348
1429 9870
3370 7588
3882 1771
5837 7350
3336 7990
9564 6873
2504 7417
3094 6612
6147 8820
1867 8263
7546 7317
832 4414
6334 3682
3469 7601
8278 6665
7279 9832
3651 5629
7952 266
4967 6666
3722 5939
6988 2832
9147 3594
6043 524
4715 392
6966 9835
277 1919
2566 3107
4821 8943
5312 4857
4057 1884
750 3234
2163 6336
5793 6851
24 7932
552 4737
9649 9020
2991 4650
2610 1325
139 707
8156 5503
5213 4497
3985 5367
836 7297
4838 4027
4573 3085
1429 3076
1378 2953
8881 8673
957 1035
110 4069
3641 3365
8722 8144
7295 6610
6415 9918
3263 2846
3795 814
1290 4959
4969 398
9845 3836
3875 6322
4941 716
4513 9427
4368 1284
9847 8323
4027 3607
6865 4209
6608 8867
3954 1851
2649 7987
4336 3066
3754 109
3012 3478
7985 3640
77 2678
3018 9185
2530 1969
1090 4780
3475 4228
1869 7856
9233 7446
441 4952
7735 7544
9583 7478
8046 7965
1129 9715
6027 5131
4829 9842
8239 9025
6410 7475
717 6651
9822 7467
6403 4629
1636 2957
4668 4615
8789 143
3081 8406
6046 5146
1974 5191
353 3116
302 5794
2360 3244
4382 6348
401 7953
5548 3227
3869 271
7533 6936
2291 4267
6833 6479
3425 5488
8554 7620
4989 8221
223 8942
6972 7194
5037 283
1120 4682
4668 6104
5414 2915
6507 7895
5627 5133
5342 7548
6108 1220
8656 1394
3734 4632
332 1161
1067 6730
2948 4387
5380 8287
7220 9754
8311 7865
7485 9428
9993 887
8109 9444
6159 4262
8635 1257
4796 5491
5867 2532
4046 677
7472 2723
8298 8167
6146 8215
9926 8868
9964 8646
7193 861
1382 3828
9579 7838
5523 4289
7864 5074
1856 5455
3247 3790
2438 485
7689 1185
260 2245
2975 7867
4105 7764
1915 7042
7576 5108
55 2891
2898 7192
4192 6326
6284 190
9958 6274
701 5391
4258 7857
6751 5574
7754 8733
9982 7573
6463 8410
6590 8721
5906 7721
667 3074
3253 249
9041 2343
511 1627
9298 8261
3302 301
3762 631
9560 9612
4835 5903
7183 2437
3537 6777
3850 3267
448 6995
2715 2265
592 6357
7465 1995
9381 3278
4006 8866
492 2730
1236 8163
8536 74
7614 7959
6896 2990
49 8283
8159 5223
814 8947
9354 7174
5423 8427
6506 2492
7642 4751
793 8814
4242 7612
1888 8526
8551 1817
1779 6179
2503 9743
1663 6519
4000 418
2973 6155
7874 5298
876 2407
6413 4544
3536 9957
5415 3194
8829 6621
3095 4038
6053 5119
1256 6556
8094 8800
4356 6081
7184 3955
141 352
626 7316
3748 3757
8316 465
317 9219
5970 5878
251 2857
6264 1756
4684 1443
3270 8874
3967 9340
7351 4139
8945 3163
6421 7777
1136 9231
1681 8100
6205 4449
1034 6958
7540 2405
9761 9617
3359 2035
4861 8449
7995 4335
7143 6905
9613 6343
5487 5083
9340 1437
48 5658
8572 3398
9193 9066
8550 7576
164 9315
8283 1409
6637 5168
4732 2739
315 7553
5786 1862
8520 798
7568 9544
1533 5081
5929 4868
5973 6774
2936 5908
9628 992
2982 4582
1368 2675
5416 4452
7867 5166
6828 7955
2762 1749
2276 8360
8880 2478
6253 3709
7147 1971
1492 3600
4843 3810
3710 2404
6042 2176
7663 1313
4319 4187
6948 4901
5906 4790
7417 5115
7734 4306
2329 4964
507 659
8149 9737
1760 7768
3768 9257
64 1529
3449 9376
226 3441
5790 9967
475 2043
8990 8125
5438 5208
7295 132
2473 8262
6267 2888
53 9763
7675 7142
7127 4593
887 2471
8044 4240
7062 5763
3119 1587
6385 8290
2994 7667
2397 6096
7988 3424
7050 8430
7839 3408
6424 1536
4690 2227
1196 2104
9186 3674
3810 757
5234 2964
5381 2970
3262 5305
9487 3439
5887 4940
4421 6362
8539 811
2938 7585
8362 2956
2602 4044
5606 4600
2347 431
8516 5094
4242 9609
8178 7483
3535 2929
9832 2389
9691 5434
824 5546
6478 810
7828 4594
9094 6552
4646 6236
826 3459
6423 6040
1555 8768
5337 4025
7503 1824
2754 7030
7198 4919
488 9922
2240 4808
8494 5273
2641 2295
4018 3457
6493 4339
7190 5557
8279 5395
6763 5519
7646 9980
4119 8156
2134 1375
6944 4507
1049 394
6055 6008
9354 3746
6025 3140
3401 4246
6501 7839
7452 2571
2896 2871
4303 2680
4074 2604
7154 831
248 5333
243 5758
7735 7491
1740 4111
3486 8098
6414 5623
147 6281
7143 4587
5751 669
5844 7307
8690 3902
4468 1056
975 9421
2872 9828
3188 587
7267 7486
5783 9691
6942 3470
4163 7650
220 7061
5562 8706
9574 761
8404 5446
6810 6006
8576 1342
1684 8371
5895 618
6996 5007
296 1181
7753 1672
2758 8034
3111 9585
3563 9879
6417 1574
8297 8892
8597 538
6894 8095
7263 9549
7645 8924
8656 1838
5849 4518
8365 9476
3424 8219
4231 8790
3247 7914
6123 3756
6140 9162
7965 881
7504 8109
9089 4555
8174 4472
6994 6669
7658 377
8740 9780
9895 4351
5824 6524
8926 8540
5238 8719
593 1659
2394 2130
1168 195
7522 1122
3578 6536
2857 1012
533 1858
2721 4621
8643 3292
6 1586
8345 4419
5619 4380
279 1918
4729 1380
5720 8191
2955 4749
1320 3355
3535 9097
2105 5371
8419 1041
9163 5541
9903 5433
2475 5631
2174 8794
2932 3716
3072 1635
6341 5997
2388 8166
293 7126
2635 1190
6039 6437
8941 3251
3369 6217
58 3372
7403 4644
4759 9230
3284 7738
3096 6266
7495 117
6457 1283
5193 950
8614 4015
